{
  "ap": [
    5.200313568115234,
    5.14478063583374,
    5.201643943786621,
    5.343830108642578,
    5.657548427581787,
    6.137981414794922,
    6.30399227142334,
    6.208528518676758,
    6.030522346496582,
    6.018813133239746,
    6.102362155914307,
    6.143155574798584,
    6.127126216888428,
    6.2959136962890625,
    6.170232772827148,
    6.063387870788574,
    5.952638149261475,
    6.1636152267456055,
    6.212878227233887,
    6.185568332672119,
    6.256002902984619,
    6.241571426391602,
    6.362927436828613,
    6.303286552429199,
    6.265060901641846,
    6.326478004455566,
    6.306329727172852,
    6.210427284240723,
    6.205593109130859,
    6.38668966293335,
    6.3988037109375,
    6.222801208496094,
    6.188141345977783,
    6.52595329284668,
    6.541556358337402,
    6.643479347229004,
    6.756191730499268,
    6.604328155517578,
    6.474223613739014,
    6.496945381164551,
    6.683081150054932,
    6.658502578735352,
    6.790350437164307,
    6.731986999511719,
    6.70002555847168,
    6.69747257232666,
    6.867051601409912,
    7.0362548828125,
    6.948825359344482,
    6.790135383605957,
    6.7395830154418945,
    6.869322299957275,
    6.916459560394287,
    6.79104471206665,
    6.900090217590332,
    6.807338714599609,
    6.653975963592529,
    6.65308141708374,
    6.8584771156311035,
    6.8429179191589355,
    6.800823211669922,
    6.821714878082275,
    6.723609447479248,
    6.6435770988464355,
    6.667685031890869,
    6.5774149894714355,
    6.802382469177246,
    6.7663960456848145,
    6.7332072257995605,
    6.868473052978516,
    6.7104105949401855,
    6.588874816894531,
    6.631649971008301,
    6.809748649597168,
    6.762899398803711,
    6.786038875579834,
    6.58762788772583
  ],
  "ape": [
    4.172746181488037,
    4.140634536743164,
    4.128335952758789,
    4.125738143920898,
    4.133264064788818,
    4.1716694831848145,
    4.2104878425598145,
    4.213355541229248,
    4.236080646514893,
    4.25889778137207,
    4.281070232391357,
    4.285069465637207,
    4.285052299499512,
    4.272674083709717,
    4.250783920288086,
    4.272902965545654,
    4.286240577697754,
    4.284696578979492,
    4.28219747543335,
    4.283609390258789,
    4.282768249511719,
    4.26899528503418,
    4.265756130218506,
    4.279758930206299,
    4.280490398406982,
    4.274325370788574,
    4.274721622467041,
    4.271184921264648,
    4.267202377319336,
    4.270101070404053,
    4.266767501831055,
    4.275566577911377,
    4.27541971206665,
    4.266160488128662,
    4.265929698944092,
    4.256947994232178,
    4.252602577209473,
    4.248437404632568,
    4.257071495056152,
    4.258358955383301,
    4.254669666290283,
    4.252475261688232,
    4.238218784332275,
    4.244994163513184,
    4.245002746582031,
    4.237448215484619,
    4.247734069824219,
    4.243780136108398,
    4.235806941986084,
    4.241276264190674,
    4.245678901672363,
    4.2460808753967285,
    4.2494120597839355,
    4.240772724151611,
    4.230357646942139,
    4.231809139251709,
    4.241018772125244,
    4.247611999511719,
    4.244852542877197,
    4.246803283691406,
    4.240112781524658,
    4.23405647277832,
    4.233271598815918,
    4.2446818351745605,
    4.242491722106934,
    4.248306751251221,
    4.247968673706055,
    4.246047019958496,
    4.248170852661133,
    4.238522529602051,
    4.235081195831299,
    4.246188163757324,
    4.253561496734619,
    4.250173091888428,
    4.25221061706543,
    4.248631954193115,
    4.232027530670166
  ],
  "char_spans": [
    [
      0,
      2
    ],
    [
      2,
      6
    ],
    [
      6,
      10
    ],
    [
      10,
      15
    ],
    [
      15,
      18
    ],
    [
      18,
      24
    ],
    [
      24,
      25
    ],
    [
      25,
      28
    ],
    [
      28,
      32
    ],
    [
      32,
      36
    ],
    [
      36,
      42
    ],
    [
      42,
      45
    ],
    [
      45,
      51
    ],
    [
      51,
      52
    ],
    [
      52,
      55
    ],
    [
      55,
      59
    ],
    [
      59,
      63
    ],
    [
      63,
      67
    ],
    [
      67,
      70
    ],
    [
      70,
      77
    ],
    [
      77,
      78
    ],
    [
      78,
      81
    ],
    [
      81,
      83
    ],
    [
      83,
      87
    ],
    [
      87,
      91
    ],
    [
      91,
      95
    ],
    [
      95,
      98
    ],
    [
      98,
      106
    ],
    [
      106,
      110
    ],
    [
      110,
      111
    ],
    [
      111,
      114
    ],
    [
      114,
      118
    ],
    [
      118,
      122
    ],
    [
      122,
      128
    ],
    [
      128,
      131
    ],
    [
      131,
      138
    ],
    [
      138,
      139
    ],
    [
      139,
      142
    ],
    [
      142,
      146
    ],
    [
      146,
      150
    ],
    [
      150,
      156
    ],
    [
      156,
      159
    ],
    [
      159,
      162
    ],
    [
      162,
      164
    ],
    [
      164,
      168
    ],
    [
      168,
      170
    ],
    [
      170,
      173
    ],
    [
      173,
      174
    ],
    [
      174,
      177
    ],
    [
      177,
      181
    ],
    [
      181,
      185
    ],
    [
      185,
      192
    ],
    [
      192,
      195
    ],
    [
      195,
      201
    ],
    [
      201,
      202
    ],
    [
      202,
      205
    ],
    [
      205,
      209
    ],
    [
      209,
      213
    ],
    [
      213,
      220
    ],
    [
      220,
      223
    ],
    [
      223,
      232
    ],
    [
      232,
      233
    ],
    [
      233,
      236
    ],
    [
      236,
      240
    ],
    [
      240,
      243
    ],
    [
      243,
      246
    ],
    [
      246,
      253
    ],
    [
      253,
      256
    ],
    [
      256,
      261
    ],
    [
      261,
      262
    ],
    [
      262,
      265
    ],
    [
      265,
      269
    ],
    [
      269,
      273
    ],
    [
      273,
      280
    ],
    [
      280,
      283
    ],
    [
      283,
      291
    ],
    [
      291,
      292
    ]
  ],
  "matrix": [
    [
      7.042759418487549,
      6.669609069824219,
      6.627979278564453,
      6.258636474609375,
      6.136805534362793,
      5.830271244049072,
      5.869694709777832,
      5.798171043395996,
      5.579499244689941,
      5.470061779022217,
      5.379972457885742,
      5.1226935386657715,
      5.023179531097412,
      5.365055084228516,
      5.412510871887207,
      5.263584613800049,
      4.9514923095703125,
      5.08465576171875,
      5.004337310791016,
      4.893044948577881,
      4.962324142456055,
      5.077187538146973,
      5.185524940490723,
      5.200179100036621,
      4.972100734710693,
      4.781838893890381,
      4.685776710510254,
      4.542299747467041,
      4.532696723937988,
      4.701261520385742,
      4.848787784576416,
      4.751838207244873,
      4.581587791442871,
      4.893763542175293,
      4.88912296295166,
      5.034056663513184,
      5.260712623596191,
      5.243978977203369,
      5.179802417755127,
      5.044553756713867,
      5.12581205368042,
      5.053793430328369,
      5.35952091217041,
      5.372700214385986,
      5.219089508056641,
      5.225160598754883,
      5.279902458190918,
      5.481488227844238,
      5.512239456176758,
      5.371892929077148,
      5.231766700744629,
      5.22068977355957,
      5.246782302856445,
      5.166834831237793,
      5.362083435058594,
      5.328277111053467,
      5.092310905456543,
      4.997337341308594,
      5.140157222747803,
      5.093474388122559,
      5.151732444763184,
      5.253448486328125,
      5.2257490158081055,
      5.101313591003418,
      5.120193004608154,
      4.946868896484375,
      5.062996864318848,
      5.098908424377441,
      4.991230010986328,
      5.211061000823975,
      5.129371643066406,
      4.925785064697266,
      4.841066360473633,
      5.1030426025390625,
      5.002926826477051,
      5.0579938888549805,
      5.008168697357178
    ],
    [
      6.669609069824219,
      6.6892852783203125,
      6.682157516479492,
      6.293323516845703,
      6.192201614379883,
      5.840775966644287,
      5.8806047439575195,
      5.8314056396484375,
      5.673587799072266,
      5.478571891784668,
      5.357099533081055,
      5.1437530517578125,
      5.072569847106934,
      5.383853912353516,
      5.418741703033447,
      5.267908096313477,
      4.9238739013671875,
      4.994836807250977,
      4.983365058898926,
      4.797272205352783,
      4.923494815826416,
      5.002702713012695,
      5.134433269500732,
      5.176229000091553,
      4.902567386627197,
      4.690528869628906,
      4.682023048400879,
      4.546408176422119,
      4.53886604309082,
      4.7361297607421875,
      4.839544296264648,
      4.758701801300049,
      4.51341438293457,
      4.777915000915527,
      4.859620094299316,
      4.9262566566467285,
      5.233756065368652,
      5.1822004318237305,
      5.1326189041137695,
      4.973450660705566,
      5.022688865661621,
      5.033771514892578,
      5.339162826538086,
      5.291343688964844,
      5.163959980010986,
      5.141178607940674,
      5.203554153442383,
      5.4020795822143555,
      5.4091596603393555,
      5.304344177246094,
      5.152721405029297,
      5.154027938842773,
      5.215329170227051,
      4.952077388763428,
      5.255829811096191,
      5.234783172607422,
      5.021086692810059,
      4.892851829528809,
      5.025783538818359,
      4.9912495613098145,
      4.991860389709473,
      5.1673994064331055,
      5.133598327636719,
      5.014435768127441,
      5.090758323669434,
      4.802243232727051,
      4.93048095703125,
      4.990286827087402,
      4.897120475769043,
      5.150216102600098,
      5.026998043060303,
      4.838516712188721,
      4.718635559082031,
      4.947936534881592,
      4.8979644775390625,
      4.912248611450195,
      4.869256496429443
    ],
    [
      6.627979278564453,
      6.682157516479492,
      6.770309925079346,
      6.400167942047119,
      6.311720371246338,
      5.919157981872559,
      5.99802303314209,
      5.910092353820801,
      5.765948295593262,
      5.574267387390137,
      5.455234527587891,
      5.255255699157715,
      5.155879974365234,
      5.502028465270996,
      5.465242385864258,
      5.377363204956055,
      5.049121379852295,
      5.069266319274902,
      5.081047058105469,
      4.9056220054626465,
      5.079178810119629,
      5.144441604614258,
      5.183950424194336,
      5.2617998123168945,
      4.9779815673828125,
      4.721146583557129,
      4.745987415313721,
      4.627691268920898,
      4.591428279876709,
      4.82777738571167,
      4.893043041229248,
      4.857889175415039,
      4.583333969116211,
      4.783607482910156,
      4.892575263977051,
      4.960231781005859,
      5.322108268737793,
      5.22730016708374,
      5.225289344787598,
      5.031803131103516,
      4.994049072265625,
      5.053832054138184,
      5.404287815093994,
      5.377671241760254,
      5.237874984741211,
      5.156712532043457,
      5.234646797180176,
      5.473465919494629,
      5.452523708343506,
      5.382166862487793,
      5.2040605545043945,
      5.158795356750488,
      5.228889465332031,
      4.96441650390625,
      5.296518325805664,
      5.259821891784668,
      5.082732200622559,
      4.945392608642578,
      5.021820068359375,
      5.005620002746582,
      5.014740943908691,
      5.21106481552124,
      5.147519111633301,
      5.070775508880615,
      5.154299736022949,
      4.820463180541992,
      4.936282157897949,
      5.020068168640137,
      4.926865577697754,
      5.176729202270508,
      5.0223188400268555,
      4.894497871398926,
      4.767496585845947,
      4.96195125579834,
      4.938139915466309,
      4.974028587341309,
      4.908268451690674
    ],
    [
      6.258636474609375,
      6.293323516845703,
      6.400167942047119,
      6.408851623535156,
      6.359955787658691,
      6.103049278259277,
      6.118041038513184,
      5.9587554931640625,
      5.8233642578125,
      5.76216983795166,
      5.718008995056152,
      5.595487594604492,
      5.39968204498291,
      5.605588436126709,
      5.474312782287598,
      5.502622127532959,
      5.323441982269287,
      5.349923133850098,
      5.429383277893066,
      5.171375274658203,
      5.257049560546875,
      5.190013885498047,
      5.2320098876953125,
      5.430902004241943,
      5.318331718444824,
      5.030037879943848,
      5.145766258239746,
      5.012735366821289,
      4.842385292053223,
      4.965850830078125,
      5.009983062744141,
      5.070602893829346,
      4.950184345245361,
      5.094854831695557,
      5.228860855102539,
      5.188295364379883,
      5.4235944747924805,
      5.248347282409668,
      5.315333366394043,
      5.261120796203613,
      5.218088150024414,
      5.3135175704956055,
      5.466690540313721,
      5.425081253051758,
      5.366695404052734,
      5.279770851135254,
      5.4048004150390625,
      5.550533294677734,
      5.453922271728516,
      5.434449195861816,
      5.359183311462402,
      5.31895637512207,
      5.462562561035156,
      5.110356330871582,
      5.313453674316406,
      5.2159528732299805,
      5.126867771148682,
      5.118832588195801,
      5.178802490234375,
      5.22529411315918,
      5.129822731018066,
      5.222282409667969,
      5.129901885986328,
      5.143703460693359,
      5.248239517211914,
      4.985162734985352,
      5.154131889343262,
      5.22965145111084,
      5.118150234222412,
      5.236149787902832,
      5.027483940124512,
      4.977438926696777,
      4.977519989013672,
      5.1707844734191895,
      5.194364547729492,
      5.101799964904785,
      4.877131938934326
    ],
    [
      6.136805534362793,
      6.192201614379883,
      6.311720371246338,
      6.359955787658691,
      6.543137550354004,
      6.517238140106201,
      6.465301036834717,
      6.219649314880371,
      6.024654388427734,
      5.956631660461426,
      6.00878381729126,
      5.921549320220947,
      5.819188117980957,
      5.975000381469727,
      5.763488292694092,
      5.710684299468994,
      5.563861846923828,
      5.731912612915039,
      5.825338363647461,
      5.595696449279785,
      5.6576433181762695,
      5.533220291137695,
      5.581544876098633,
      5.704289436340332,
      5.621993064880371,
      5.487308502197266,
      5.562263488769531,
      5.413095951080322,
      5.223876953125,
      5.342643737792969,
      5.378345489501953,
      5.3423967361450195,
      5.270810127258301,
      5.504277229309082,
      5.6174116134643555,
      5.589417934417725,
      5.789344787597656,
      5.571602821350098,
      5.548466682434082,
      5.557305812835693,
      5.601049900054932,
      5.653107643127441,
      5.834718704223633,
      5.776254177093506,
      5.682559967041016,
      5.565439224243164,
      5.739666938781738,
      5.886735439300537,
      5.794448375701904,
      5.726134300231934,
      5.674631118774414,
      5.7471489906311035,
      5.835247993469238,
      5.447266101837158,
      5.662402153015137,
      5.554533958435059,
      5.408626556396484,
      5.4307541847229,
      5.566428184509277,
      5.562045574188232,
      5.484113693237305,
      5.563930988311768,
      5.455613136291504,
      5.404842376708984,
      5.546783924102783,
      5.31459903717041,
      5.502529144287109,
      5.531694412231445,
      5.457326412200928,
      5.56876277923584,
      5.348743438720703,
      5.235947608947754,
      5.292294502258301,
      5.5216851234436035,
      5.514121055603027,
      5.469045639038086,
      5.2155303955078125
    ],
    [
      5.830271244049072,
      5.840775966644287,
      5.919157981872559,
      6.103049278259277,
      6.517238140106201,
      6.956949234008789,
      6.887749671936035,
      6.479118347167969,
      6.221074104309082,
      6.15239953994751,
      6.274198532104492,
      6.460442543029785,
      6.315284729003906,
      6.40602970123291,
      6.052403450012207,
      6.009293556213379,
      5.859978675842285,
      6.1838531494140625,
      6.496747970581055,
      6.168020248413086,
      6.157305717468262,
      5.957942008972168,
      6.006458759307861,
      6.163930892944336,
      6.088503837585449,
      6.054571151733398,
      6.211440086364746,
      5.99105167388916,
      5.870419979095459,
      5.93059778213501,
      5.905990123748779,
      5.817026615142822,
      5.773576736450195,
      6.1316962242126465,
      6.324106693267822,
      6.2211594581604,
      6.285965442657471,
      6.011539459228516,
      5.971702575683594,
      6.013240337371826,
      6.1874213218688965,
      6.339000701904297,
      6.316220760345459,
      6.230477333068848,
      6.217381477355957,
      6.140737533569336,
      6.295186996459961,
      6.402225494384766,
      6.2541961669921875,
      6.140176773071289,
      6.123330116271973,
      6.318967819213867,
      6.505401611328125,
      6.1544060707092285,
      6.278700351715088,
      6.095583915710449,
      5.959244728088379,
      6.010306358337402,
      6.200322151184082,
      6.288494110107422,
      6.148399353027344,
      6.156096458435059,
      6.016427993774414,
      5.957845687866211,
      6.046222686767578,
      5.8701372146606445,
      6.16960334777832,
      6.210403919219971,
      6.1229071617126465,
      6.175507068634033,
      5.924811840057373,
      5.837306976318359,
      5.940057754516602,
      6.187112808227539,
      6.256556510925293,
      6.111500263214111,
      5.832606315612793
    ],
    [
      5.869694709777832,
      5.8806047439575195,
      5.99802303314209,
      6.118041038513184,
      6.465301036834717,
      6.887749671936035,
      7.035966873168945,
      6.738425254821777,
      6.4867963790893555,
      6.333722114562988,
      6.38679313659668,
      6.487424850463867,
      6.494533538818359,
      6.6279377937316895,
      6.3495330810546875,
      6.222586154937744,
      5.972443103790283,
      6.28798770904541,
      6.472970008850098,
      6.349490165710449,
      6.461421012878418,
      6.290066719055176,
      6.296697616577148,
      6.327579975128174,
      6.178721904754639,
      6.197369575500488,
      6.2547783851623535,
      6.121698379516602,
      6.102526664733887,
      6.285192489624023,
      6.23470401763916,
      6.029291152954102,
      5.883169174194336,
      6.239268779754639,
      6.323493957519531,
      6.355711936950684,
      6.59469747543335,
      6.355762481689453,
      6.211001873016357,
      6.141406059265137,
      6.306168556213379,
      6.356786727905273,
      6.5301313400268555,
      6.46735954284668,
      6.4353790283203125,
      6.382301330566406,
      6.532257556915283,
      6.704606533050537,
      6.56741189956665,
      6.409683704376221,
      6.3191399574279785,
      6.46804141998291,
      6.584329128265381,
      6.336338520050049,
      6.522815704345703,
      6.3740997314453125,
      6.182195663452148,
      6.1281514167785645,
      6.338152885437012,
      6.340979099273682,
      6.27915096282959,
      6.391233921051025,
      6.2404375076293945,
      6.116715431213379,
      6.237391471862793,
      5.962289810180664,
      6.24848747253418,
      6.2556257247924805,
      6.257153034210205,
      6.406980514526367,
      6.1668701171875,
      6.0187788009643555,
      6.040942668914795,
      6.284421920776367,
      6.272465705871582,
      6.271723747253418,
      6.051803112030029
    ],
    [
      5.798171043395996,
      5.8314056396484375,
      5.910092353820801,
      5.9587554931640625,
      6.219649314880371,
      6.479118347167969,
      6.738425254821777,
      6.7094807624816895,
      6.518460273742676,
      6.3625078201293945,
      6.287505149841309,
      6.3348612785339355,
      6.305445671081543,
      6.618877410888672,
      6.439748764038086,
      6.325840950012207,
      6.029096603393555,
      6.133325099945068,
      6.263681411743164,
      6.119398593902588,
      6.37889289855957,
      6.285470008850098,
      6.393465042114258,
      6.355925559997559,
      6.128218650817871,
      6.0370588302612305,
      6.106179237365723,
      5.918984413146973,
      5.894692897796631,
      6.169146537780762,
      6.229048728942871,
      6.046639919281006,
      5.840733051300049,
      6.0374603271484375,
      6.115269660949707,
      6.109784126281738,
      6.409430503845215,
      6.310354709625244,
      6.18208122253418,
      6.035292148590088,
      6.095094680786133,
      6.1424055099487305,
      6.390793323516846,
      6.410146713256836,
      6.319378852844238,
      6.297616004943848,
      6.392477989196777,
      6.602236747741699,
      6.537158012390137,
      6.387181282043457,
      6.245208263397217,
      6.282705783843994,
      6.376791000366211,
      6.106907844543457,
      6.361040115356445,
      6.362188339233398,
      6.187744617462158,
      6.066567420959473,
      6.179610252380371,
      6.1662516593933105,
      6.096714973449707,
      6.299566268920898,
      6.263681888580322,
      6.165591239929199,
      6.248649597167969,
      5.9799346923828125,
      6.123081207275391,
      6.132066249847412,
      6.09322452545166,
      6.345274925231934,
      6.200042724609375,
      6.063589572906494,
      5.983409881591797,
      6.093479156494141,
      6.0904622077941895,
      6.080573081970215,
      6.020867347717285
    ],
    [
      5.579499244689941,
      5.673587799072266,
      5.765948295593262,
      5.8233642578125,
      6.024654388427734,
      6.221074104309082,
      6.4867963790893555,
      6.518460273742676,
      6.481163501739502,
      6.320425987243652,
      6.223207473754883,
      6.199254989624023,
      6.152938365936279,
      6.40512752532959,
      6.352935791015625,
      6.254988670349121,
      5.975618362426758,
      5.965846061706543,
      6.056187629699707,
      5.942727088928223,
      6.143507957458496,
      6.090647220611572,
      6.269242286682129,
      6.225360870361328,
      5.980886459350586,
      5.869641304016113,
      5.878979682922363,
      5.721611976623535,
      5.696292877197266,
      5.980297088623047,
      6.105377674102783,
      5.9302215576171875,
      5.700992584228516,
      5.865407943725586,
      5.895352840423584,
      5.87238883972168,
      6.150936603546143,
      6.149439334869385,
      6.0258917808532715,
      5.861307621002197,
      5.921603679656982,
      5.928713321685791,
      6.118223190307617,
      6.131386756896973,
      6.04959774017334,
      6.015941619873047,
      6.172124862670898,
      6.360650539398193,
      6.344203948974609,
      6.204895496368408,
      6.047155380249023,
      6.089221954345703,
      6.168124198913574,
      5.8381242752075195,
      6.096407413482666,
      6.2037506103515625,
      6.034842491149902,
      5.87882137298584,
      6.003325462341309,
      5.965782165527344,
      5.860589981079102,
      6.068454265594482,
      6.134585380554199,
      6.023825168609619,
      6.097850799560547,
      5.826169013977051,
      5.945925712585449,
      5.923372268676758,
      5.884479522705078,
      6.110278129577637,
      6.088252067565918,
      5.951709747314453,
      5.85063362121582,
      5.947027683258057,
      5.894647121429443,
      5.930868148803711,
      5.851691246032715
    ],
    [
      5.470061779022217,
      5.478571891784668,
      5.574267387390137,
      5.76216983795166,
      5.956631660461426,
      6.15239953994751,
      6.333722114562988,
      6.3625078201293945,
      6.320425987243652,
      6.438892364501953,
      6.328245162963867,
      6.256248474121094,
      6.098429203033447,
      6.26373815536499,
      6.182840347290039,
      6.242854595184326,
      6.199483871459961,
      6.104678630828857,
      6.139693737030029,
      5.907566070556641,
      6.038196563720703,
      6.045644760131836,
      6.152166366577148,
      6.21872615814209,
      6.160524368286133,
      5.93485164642334,
      5.914795398712158,
      5.7117462158203125,
      5.567629337310791,
      5.834964752197266,
      5.978955268859863,
      5.963709831237793,
      5.897001266479492,
      5.959737300872803,
      5.967357635498047,
      5.855690956115723,
      6.003848075866699,
      6.047508239746094,
      6.058197975158691,
      6.045872211456299,
      6.010077953338623,
      5.966441631317139,
      6.088536262512207,
      6.131346702575684,
      5.999443054199219,
      5.907021522521973,
      6.098751068115234,
      6.264218330383301,
      6.277584075927734,
      6.248608589172363,
      6.172821044921875,
      6.157168865203857,
      6.161328315734863,
      5.797311305999756,
      5.991772174835205,
      6.1133198738098145,
      6.051170349121094,
      6.030796051025391,
      6.076169490814209,
      6.001544952392578,
      5.838465213775635,
      5.975334644317627,
      6.06008243560791,
      6.058427810668945,
      6.093753814697266,
      6.011310577392578,
      6.0279765129089355,
      5.9226250648498535,
      5.871633529663086,
      6.017375946044922,
      6.013425827026367,
      5.946149826049805,
      5.961637020111084,
      6.0436577796936035,
      5.909857749938965,
      5.877269744873047,
      5.763751983642578
    ],
    [
      5.379972457885742,
      5.357099533081055,
      5.455234527587891,
      5.718008995056152,
      6.00878381729126,
      6.274198532104492,
      6.38679313659668,
      6.287505149841309,
      6.223207473754883,
      6.328245162963867,
      6.390436172485352,
      6.425309181213379,
      6.2218217849731445,
      6.358710289001465,
      6.179520606994629,
      6.167202472686768,
      6.1219377517700195,
      6.2062668800354,
      6.315227508544922,
      6.13533878326416,
      6.11889123916626,
      6.049691677093506,
      6.12023401260376,
      6.184502601623535,
      6.174714088439941,
      6.071628570556641,
      6.118775367736816,
      5.8528900146484375,
      5.771427631378174,
      5.914469242095947,
      5.982428550720215,
      5.910094261169434,
      5.9159955978393555,
      6.106651306152344,
      6.196849822998047,
      6.050825595855713,
      6.142990589141846,
      6.022889137268066,
      5.968103408813477,
      6.03541374206543,
      6.146222114562988,
      6.167926788330078,
      6.19816780090332,
      6.160796642303467,
      6.073345184326172,
      6.021795272827148,
      6.27602481842041,
      6.40274715423584,
      6.316145896911621,
      6.18089485168457,
      6.181398391723633,
      6.260105133056641,
      6.385027885437012,
      6.017604827880859,
      6.169355869293213,
      6.1267805099487305,
      6.006667137145996,
      6.050072193145752,
      6.204741477966309,
      6.221590995788574,
      6.0853095054626465,
      6.143944263458252,
      6.089352607727051,
      6.045347213745117,
      6.134153842926025,
      6.025206565856934,
      6.197561264038086,
      6.193343162536621,
      6.10831356048584,
      6.225077152252197,
      6.074313163757324,
      5.965681076049805,
      6.044294357299805,
      6.223172187805176,
      6.2528228759765625,
      6.157124042510986,
      5.987174034118652
    ],
    [
      5.1226935386657715,
      5.1437530517578125,
      5.255255699157715,
      5.595487594604492,
      5.921549320220947,
      6.460442543029785,
      6.487424850463867,
      6.3348612785339355,
      6.199254989624023,
      6.256248474121094,
      6.425309181213379,
      6.616474628448486,
      6.489675521850586,
      6.427044868469238,
      6.187209129333496,
      6.1531524658203125,
      6.139908313751221,
      6.332808494567871,
      6.4754438400268555,
      6.325372695922852,
      6.220101356506348,
      6.001613140106201,
      6.092268943786621,
      6.189220428466797,
      6.2342023849487305,
      6.2322306632995605,
      6.298331260681152,
      6.125581741333008,
      5.962703227996826,
      6.021538734436035,
      6.086375713348389,
      5.976963043212891,
      6.020113468170166,
      6.26548957824707,
      6.337433815002441,
      6.269722938537598,
      6.283329010009766,
      6.111083030700684,
      6.011920928955078,
      6.106215000152588,
      6.259984493255615,
      6.287210464477539,
      6.238943099975586,
      6.180575847625732,
      6.116661071777344,
      6.030839443206787,
      6.331874847412109,
      6.414760589599609,
      6.3031439781188965,
      6.185458183288574,
      6.19416618347168,
      6.380155086517334,
      6.4740118980407715,
      6.092425346374512,
      6.177609443664551,
      6.1085100173950195,
      5.986183166503906,
      6.041721343994141,
      6.273900032043457,
      6.245892524719238,
      6.182910919189453,
      6.1427507400512695,
      6.075634002685547,
      6.02492094039917,
      6.056656837463379,
      5.983633995056152,
      6.225144386291504,
      6.182641983032227,
      6.180510520935059,
      6.20887565612793,
      6.036449432373047,
      5.935523986816406,
      6.05372428894043,
      6.258922100067139,
      6.271988868713379,
      6.24303674697876,
      5.913122177124023
    ],
    [
      5.023179531097412,
      5.072569847106934,
      5.155879974365234,
      5.39968204498291,
      5.819188117980957,
      6.315284729003906,
      6.494533538818359,
      6.305445671081543,
      6.152938365936279,
      6.098429203033447,
      6.2218217849731445,
      6.489675521850586,
      6.455256462097168,
      6.517115592956543,
      6.192787170410156,
      6.16604471206665,
      5.980276584625244,
      6.21364688873291,
      6.425702095031738,
      6.315386772155762,
      6.290369033813477,
      6.048624038696289,
      6.101264953613281,
      6.178709030151367,
      6.035252094268799,
      6.056670188903809,
      6.1647820472717285,
      5.9701948165893555,
      5.992144584655762,
      6.1336493492126465,
      6.124619483947754,
      5.993821144104004,
      5.846887588500977,
      6.163687229156494,
      6.275888442993164,
      6.251521587371826,
      6.370309352874756,
      6.12587833404541,
      6.020901679992676,
      5.953869819641113,
      6.162262916564941,
      6.274558067321777,
      6.2512311935424805,
      6.179032325744629,
      6.116331100463867,
      6.081058502197266,
      6.313940525054932,
      6.455926418304443,
      6.300975799560547,
      6.137170791625977,
      6.062713623046875,
      6.300802230834961,
      6.470614910125732,
      6.177788734436035,
      6.324370384216309,
      6.166350841522217,
      6.017784118652344,
      5.985037803649902,
      6.257104873657227,
      6.327850341796875,
      6.257437705993652,
      6.273399353027344,
      6.144545555114746,
      6.0713605880737305,
      6.072664260864258,
      5.91175651550293,
      6.194342613220215,
      6.2529730796813965,
      6.215126037597656,
      6.315900802612305,
      6.110384464263916,
      6.012175559997559,
      6.033447265625,
      6.257199764251709,
      6.330296039581299,
      6.343972206115723,
      6.043091773986816
    ],
    [
      5.365055084228516,
      5.383853912353516,
      5.502028465270996,
      5.605588436126709,
      5.975000381469727,
      6.40602970123291,
      6.6279377937316895,
      6.618877410888672,
      6.40512752532959,
      6.26373815536499,
      6.358710289001465,
      6.427044868469238,
      6.517115592956543,
      6.804581642150879,
      6.575736045837402,
      6.400581359863281,
      6.037677764892578,
      6.273252487182617,
      6.342876434326172,
      6.356093406677246,
      6.521388053894043,
      6.491533279418945,
      6.4718732833862305,
      6.316993713378906,
      6.017969131469727,
      6.108217239379883,
      6.062798500061035,
      5.909137725830078,
      6.0356035232543945,
      6.382233619689941,
      6.411521911621094,
      6.123391151428223,
      5.8479228019714355,
      6.171016693115234,
      6.181964874267578,
      6.281624794006348,
      6.608409881591797,
      6.466403007507324,
      6.23016881942749,
      6.045073509216309,
      6.236207485198975,
      6.194823265075684,
      6.519561767578125,
      6.467135906219482,
      6.331212997436523,
      6.325264930725098,
      6.519384384155273,
      6.753951072692871,
      6.679487705230713,
      6.429449081420898,
      6.260985374450684,
      6.4140849113464355,
      6.466243267059326,
      6.3197832107543945,
      6.589907646179199,
      6.531113624572754,
      6.271878242492676,
      6.125695705413818,
      6.373978614807129,
      6.32170295715332,
      6.363315105438232,
      6.569845199584961,
      6.496753215789795,
      6.2915143966674805,
      6.3910956382751465,
      6.0888214111328125,
      6.287403106689453,
      6.275708198547363,
      6.309365749359131,
      6.625462532043457,
      6.489261627197266,
      6.276272296905518,
      6.171989440917969,
      6.347877502441406,
      6.287356853485107,
      6.486509323120117,
      6.4714765548706055
    ],
    [
      5.412510871887207,
      5.418741703033447,
      5.465242385864258,
      5.474312782287598,
      5.763488292694092,
      6.052403450012207,
      6.3495330810546875,
      6.439748764038086,
      6.352935791015625,
      6.182840347290039,
      6.179520606994629,
      6.187209129333496,
      6.192787170410156,
      6.575736045837402,
      6.5265703201293945,
      6.369937896728516,
      5.962193012237549,
      6.01902437210083,
      6.040853023529053,
      6.015380382537842,
      6.25164794921875,
      6.310229301452637,
      6.459625244140625,
      6.287956237792969,
      5.920109272003174,
      5.939499855041504,
      5.90340518951416,
      5.709323883056641,
      5.796600818634033,
      6.168920516967773,
      6.3176727294921875,
      6.08153772354126,
      5.757970809936523,
      6.024534225463867,
      6.004388809204102,
      6.066437721252441,
      6.390061378479004,
      6.41188907623291,
      6.210011959075928,
      5.957940578460693,
      6.116832733154297,
      6.051840782165527,
      6.3955397605896,
      6.37161922454834,
      6.2626543045043945,
      6.239515781402588,
      6.395684242248535,
      6.632644176483154,
      6.630214691162109,
      6.414542198181152,
      6.196223258972168,
      6.2909440994262695,
      6.299991607666016,
      6.100407600402832,
      6.410159111022949,
      6.480569839477539,
      6.261902809143066,
      6.054198741912842,
      6.238370895385742,
      6.138457775115967,
      6.184847831726074,
      6.428516387939453,
      6.462201118469238,
      6.295347213745117,
      6.338403701782227,
      6.090127944946289,
      6.197848320007324,
      6.157279968261719,
      6.1539459228515625,
      6.513228893280029,
      6.464200496673584,
      6.27479362487793,
      6.087327003479004,
      6.216178894042969,
      6.109244346618652,
      6.231386184692383,
      6.326308250427246
    ],
    [
      5.263584613800049,
      5.267908096313477,
      5.377363204956055,
      5.502622127532959,
      5.710684299468994,
      6.009293556213379,
      6.222586154937744,
      6.325840950012207,
      6.254988670349121,
      6.242854595184326,
      6.167202472686768,
      6.1531524658203125,
      6.16604471206665,
      6.400581359863281,
      6.369937896728516,
      6.32541561126709,
      6.075072288513184,
      6.039226531982422,
      6.0412187576293945,
      6.0245561599731445,
      6.116528511047363,
      6.1169047355651855,
      6.2883501052856445,
      6.226629257202148,
      5.978768348693848,
      5.895256042480469,
      5.837078094482422,
      5.6623640060424805,
      5.708428382873535,
      6.011116981506348,
      6.173178672790527,
      6.014447212219238,
      5.785491466522217,
      5.966324806213379,
      5.9556684494018555,
      5.953389644622803,
      6.1897382736206055,
      6.2066450119018555,
      6.096187114715576,
      5.944515228271484,
      6.031986236572266,
      5.956369876861572,
      6.16379451751709,
      6.18000602722168,
      6.055953025817871,
      6.03587532043457,
      6.249091148376465,
      6.440157890319824,
      6.438739776611328,
      6.271066665649414,
      6.110494613647461,
      6.17287540435791,
      6.191215515136719,
      5.960493087768555,
      6.197033882141113,
      6.292149066925049,
      6.128584861755371,
      5.974167823791504,
      6.130790710449219,
      6.047173500061035,
      6.037494659423828,
      6.213555812835693,
      6.284303665161133,
      6.1734819412231445,
      6.214626312255859,
      5.982965469360352,
      6.080246448516846,
      6.000527381896973,
      6.006194114685059,
      6.277637481689453,
      6.292415618896484,
      6.133593559265137,
      6.009037971496582,
      6.121829509735107,
      5.998032569885254,
      6.134240627288818,
      6.087527751922607
    ],
    [
      4.9514923095703125,
      4.9238739013671875,
      5.049121379852295,
      5.323441982269287,
      5.563861846923828,
      5.859978675842285,
      5.972443103790283,
      6.029096603393555,
      5.975618362426758,
      6.199483871459961,
      6.1219377517700195,
      6.139908313751221,
      5.980276584625244,
      6.037677764892578,
      5.962193012237549,
      6.075072288513184,
      6.198440074920654,
      6.0420989990234375,
      6.086523056030273,
      5.86934232711792,
      5.904902458190918,
      5.88641357421875,
      5.984236717224121,
      6.082433700561523,
      6.1541571617126465,
      5.880122184753418,
      5.900073051452637,
      5.707355499267578,
      5.570867538452148,
      5.779170036315918,
      5.918617248535156,
      5.965829372406006,
      6.006017684936523,
      5.986915111541748,
      6.0240631103515625,
      5.901693344116211,
      5.981780052185059,
      5.991855621337891,
      6.032861232757568,
      6.117465972900391,
      6.0331926345825195,
      6.020714282989502,
      6.046939849853516,
      6.0606889724731445,
      5.9303789138793945,
      5.873950004577637,
      6.115762710571289,
      6.257546424865723,
      6.246014595031738,
      6.2264556884765625,
      6.197338104248047,
      6.1442975997924805,
      6.18248176574707,
      5.8726420402526855,
      5.9837727546691895,
      6.046388626098633,
      6.0201096534729,
      6.067038059234619,
      6.082855224609375,
      6.043370723724365,
      5.929041862487793,
      5.993308067321777,
      6.019147872924805,
      6.056967735290527,
      6.082663536071777,
      6.080829620361328,
      6.03325891494751,
      5.960183143615723,
      5.94072961807251,
      6.0539469718933105,
      6.004477500915527,
      5.946438789367676,
      6.022342681884766,
      6.089913368225098,
      5.999555587768555,
      5.984000205993652,
      5.811473846435547
    ],
    [
      5.08465576171875,
      4.994836807250977,
      5.069266319274902,
      5.349923133850098,
      5.731912612915039,
      6.1838531494140625,
      6.28798770904541,
      6.133325099945068,
      5.965846061706543,
      6.104678630828857,
      6.2062668800354,
      6.332808494567871,
      6.21364688873291,
      6.273252487182617,
      6.01902437210083,
      6.039226531982422,
      6.0420989990234375,
      6.372268199920654,
      6.531818389892578,
      6.310338497161865,
      6.178685188293457,
      5.985202789306641,
      6.069967269897461,
      6.209712028503418,
      6.276762962341309,
      6.253230094909668,
      6.284344673156738,
      6.0508856773376465,
      5.981564998626709,
      6.0534162521362305,
      6.071420192718506,
      6.0308942794799805,
      6.065494060516357,
      6.356584072113037,
      6.416959762573242,
