{
  "ap": [
    3.843350648880005,
    5.976505756378174,
    6.329483509063721,
    6.353480815887451,
    6.43595027923584,
    6.253355979919434,
    6.252745628356934,
    6.320549011230469,
    6.3455305099487305,
    6.283654689788818,
    6.504648208618164,
    6.5216803550720215,
    6.525545120239258,
    6.478430271148682,
    6.615008354187012,
    6.486006736755371,
    6.477784156799316,
    6.619088172912598,
    6.704727649688721,
    6.596117973327637,
    6.40287446975708,
    6.367440223693848,
    6.630361080169678,
    6.78070068359375,
    6.758135795593262,
    6.799812316894531,
    6.701237678527832,
    6.472766399383545,
    6.684352874755859,
    6.566319465637207,
    6.679999828338623,
    6.759453296661377,
    6.894586086273193,
    6.831740379333496,
    6.616347312927246,
    6.826672077178955,
    6.77785062789917,
    6.74483060836792,
    6.621379375457764,
    6.753577709197998
  ],
  "ape": [
    3.5570192337036133,
    3.6342051029205322,
    3.6327037811279297,
    3.6338343620300293,
    3.635744571685791,
    3.6356852054595947,
    3.6353981494903564,
    3.6354827880859375,
    3.6343369483947754,
    3.6327857971191406,
    3.6345415115356445,
    3.634974479675293,
    3.6352522373199463,
    3.634181499481201,
    3.6353139877319336,
    3.634408473968506,
    3.630521059036255,
    3.63198184967041,
    3.632554769515991,
    3.6312255859375,
    3.631425142288208,
    3.6305999755859375,
    3.629511594772339,
    3.6294100284576416,
    3.6298985481262207,
    3.628866195678711,
    3.629138231277466,
    3.6270740032196045,
    3.6295814514160156,
    3.6285409927368164,
    3.6303963661193848,
    3.632488250732422,
    3.633333921432495,
    3.6329798698425293,
    3.6321938037872314,
    3.6333415508270264,
    3.6334481239318848,
    3.63303804397583,
    3.6319663524627686,
    3.6318283081054688
  ],
  "char_spans": [
    [
      0,
      3
    ],
    [
      3,
      6
    ],
    [
      6,
      10
    ],
    [
      10,
      13
    ],
    [
      13,
      17
    ],
    [
      17,
      20
    ],
    [
      20,
      22
    ],
    [
      22,
      27
    ],
    [
      27,
      28
    ],
    [
      28,
      31
    ],
    [
      31,
      34
    ],
    [
      34,
      37
    ],
    [
      37,
      41
    ],
    [
      41,
      44
    ],
    [
      44,
      48
    ],
    [
      48,
      50
    ],
    [
      50,
      56
    ],
    [
      56,
      61
    ],
    [
      61,
      62
    ],
    [
      62,
      65
    ],
    [
      65,
      68
    ],
    [
      68,
      72
    ],
    [
      72,
      77
    ],
    [
      77,
      79
    ],
    [
      79,
      86
    ],
    [
      86,
      90
    ],
    [
      90,
      94
    ],
    [
      94,
      98
    ],
    [
      98,
      103
    ],
    [
      103,
      105
    ],
    [
      105,
      109
    ],
    [
      109,
      112
    ],
    [
      112,
      118
    ],
    [
      118,
      120
    ],
    [
      120,
      124
    ],
    [
      124,
      128
    ],
    [
      128,
      131
    ],
    [
      131,
      140
    ],
    [
      140,
      146
    ],
    [
      146,
      147
    ]
  ],
  "matrix": [
    [
      5.3483357429504395,
      3.7741312980651855,
      3.9697821140289307,
      4.0400309562683105,
      3.9605331420898438,
      3.6575446128845215,
      3.5092649459838867,
      3.7363109588623047,
      3.6673669815063477,
      3.611021041870117,
      3.9404125213623047,
      3.914867401123047,
      3.733739137649536,
      3.9052324295043945,
      3.919111728668213,
      3.9201951026916504,
      4.204597473144531,
      4.129708290100098,
      3.8612914085388184,
      3.8967883586883545,
      3.7686219215393066,
      3.776576042175293,
      4.044785022735596,
      4.098710536956787,
      3.9415531158447266,
      3.91131591796875,
      3.866014242172241,
      3.740368366241455,
      3.8214948177337646,
      3.7576241493225098,
      3.7091197967529297,
      3.7365758419036865,
      3.9141650199890137,
      3.8736395835876465,
      3.7307934761047363,
      3.8301939964294434,
      3.814117431640625,
      3.8238272666931152,
      3.756211042404175,
      3.623034954071045
    ],
    [
      3.7741312980651855,
      6.95512580871582,
      6.506394863128662,
      6.282001495361328,
      6.225966453552246,
      5.903748512268066,
      5.777803421020508,
      5.887131690979004,
      5.881373882293701,
      5.83176851272583,
      6.122625350952148,
      6.287769794464111,
      6.4084858894348145,
      6.166402339935303,
      6.249817848205566,
      5.905299186706543,
      5.8818039894104,
      6.060593605041504,
      6.005666255950928,
      5.851316928863525,
      5.694278717041016,
      5.72245979309082,
      5.880815505981445,
      5.9432501792907715,
      6.032057285308838,
      6.091423988342285,
      6.117796897888184,
      5.895086765289307,
      6.147523880004883,
      6.035891532897949,
      6.0481181144714355,
      5.968380928039551,
      6.115668773651123,
      6.0735602378845215,
      5.941939353942871,
      6.3121232986450195,
      6.232032775878906,
      6.085847854614258,
      5.844534873962402,
      5.890835762023926
    ],
    [
      3.9697821140289307,
      6.506394863128662,
      7.351014614105225,
      6.992275238037109,
      6.73013162612915,
      6.282745838165283,
      6.231389045715332,
      6.192521572113037,
      6.224199295043945,
      6.227551460266113,
      6.601007461547852,
      6.558291435241699,
      6.6910400390625,
      6.589398384094238,
      6.439586162567139,
      6.152894973754883,
      5.986547470092773,
      6.228557586669922,
      6.549636363983154,
      6.520474433898926,
      6.2641448974609375,
      6.102407455444336,
      6.328195571899414,
      6.333554744720459,
      6.343257427215576,
      6.221051216125488,
      6.201145648956299,
      5.932704925537109,
      6.246273040771484,
      6.057718753814697,
      6.198163032531738,
      6.579843044281006,
      6.769537925720215,
      6.570021629333496,
      6.178923606872559,
      6.720630645751953,
      6.662508010864258,
      6.592400074005127,
      6.2972588539123535,
      6.575687408447266
    ],
    [
      4.0400309562683105,
      6.282001495361328,
      6.992275238037109,
      7.091759204864502,
      6.701603889465332,
      6.326626777648926,
      6.299903869628906,
      6.265850067138672,
      6.296945571899414,
      6.211422443389893,
      6.404346466064453,
      6.441054344177246,
      6.479438781738281,
      6.558261871337891,
      6.5136919021606445,
      6.286547660827637,
      6.052441596984863,
      6.316550254821777,
      6.560349464416504,
      6.486841201782227,
      6.194643497467041,
      6.070076942443848,
      6.303140640258789,
      6.462831497192383,
      6.444754600524902,
      6.38527774810791,
      6.274585723876953,
      6.019867897033691,
      6.294100284576416,
      6.209956645965576,
      6.369375228881836,
      6.655274391174316,
      6.772308349609375,
      6.629311561584473,
      6.243470191955566,
      6.581090927124023,
      6.651486396789551,
      6.654936790466309,
      6.416229724884033,
      6.636843681335449
    ],
    [
      3.9605331420898438,
      6.225966453552246,
      6.73013162612915,
      6.701603889465332,
      7.20429801940918,
      6.734763145446777,
      6.437256336212158,
      6.459514141082764,
      6.444629669189453,
      6.354056358337402,
      6.393246650695801,
      6.504268646240234,
      6.489651679992676,
      6.4317145347595215,
      6.647717475891113,
      6.439525127410889,
      6.261559009552002,
      6.575709819793701,
      6.563660621643066,
      6.467378616333008,
      6.158053874969482,
      6.130558013916016,
      6.556817054748535,
      6.660048484802246,
      6.61815881729126,
      6.508818626403809,
      6.456181526184082,
      6.1808624267578125,
      6.53325080871582,
      6.420044422149658,
      6.565918922424316,
      6.603311538696289,
      6.695522308349609,
      6.648030757904053,
      6.509034633636475,
      6.614309310913086,
      6.608551025390625,
      6.605166435241699,
      6.559765815734863,
      6.546786308288574
    ],
    [
      3.6575446128845215,
      5.903748512268066,
      6.282745838165283,
      6.326626777648926,
      6.734763145446777,
      6.740898132324219,
      6.5199480056762695,
      6.403754234313965,
      6.446420192718506,
      6.392061710357666,
      6.28343391418457,
      6.303238868713379,
      6.327352523803711,
      6.203532695770264,
      6.460243225097656,
      6.370508193969727,
      6.138140678405762,
      6.314386367797852,
      6.388034820556641,
      6.328027725219727,
      5.95808744430542,
      5.96476936340332,
      6.277472496032715,
      6.414637088775635,
      6.329450607299805,
      6.320093154907227,
      6.307374000549316,
      6.0136237144470215,
      6.320889949798584,
      6.15587043762207,
      6.26667594909668,
      6.393405914306641,
      6.574520587921143,
      6.48408317565918,
      6.34064245223999,
      6.428027153015137,
      6.376402378082275,
      6.3988752365112305,
      6.362002372741699,
      6.4094648361206055
    ],
    [
      3.5092649459838867,
      5.777803421020508,
      6.231389045715332,
      6.299903869628906,
      6.437256336212158,
      6.5199480056762695,
      6.680934906005859,
      6.4420928955078125,
      6.564001560211182,
      6.53236722946167,
      6.381260871887207,
      6.250611782073975,
      6.355592250823975,
      6.165249347686768,
      6.392983913421631,
      6.326951026916504,
      6.078268051147461,
      6.167613983154297,
      6.420103073120117,
      6.483238220214844,
      6.0345916748046875,
      5.984217643737793,
      6.227592945098877,
      6.370213031768799,
      6.235051155090332,
      6.330572128295898,
      6.322778701782227,
      6.09793758392334,
      6.330330848693848,
      6.123887062072754,
      6.198876857757568,
      6.505745887756348,
      6.74697732925415,
      6.53090763092041,
      6.305807113647461,
      6.425361633300781,
      6.4098429679870605,
      6.4264960289001465,
      6.351339340209961,
      6.562664985656738
    ],
    [
      3.7363109588623047,
      5.887131690979004,
      6.192521572113037,
      6.265850067138672,
      6.459514141082764,
      6.403754234313965,
      6.4420928955078125,
      6.624569892883301,
      6.65463924407959,
      6.517914295196533,
      6.458705902099609,
      6.401182174682617,
      6.399989128112793,
      6.319714069366455,
      6.542544364929199,
      6.399625778198242,
      6.240818977355957,
      6.449641227722168,
      6.4833526611328125,
      6.425687789916992,
      6.054572105407715,
      5.982109546661377,
      6.2623066902160645,
      6.49312162399292,
      6.457189559936523,
      6.480052471160889,
      6.332067489624023,
      6.080164432525635,
      6.365084171295166,
      6.298002243041992,
      6.422907829284668,
      6.552649974822998,
      6.685471534729004,
      6.562678813934326,
      6.360956192016602,
      6.479448318481445,
      6.486859321594238,
      6.51732063293457,
      6.423192501068115,
      6.524240493774414
    ],
    [
      3.6673669815063477,
      5.881373882293701,
      6.224199295043945,
      6.296945571899414,
      6.444629669189453,
      6.446420192718506,
      6.564001560211182,
      6.65463924407959,
      6.815971374511719,
      6.774523735046387,
      6.594084739685059,
      6.413875102996826,
      6.446976661682129,
      6.31350564956665,
      6.582067489624023,
      6.463053226470947,
      6.221686840057373,
      6.408949851989746,
      6.598273277282715,
      6.6301164627075195,
      6.066801071166992,
      5.946216106414795,
      6.200420379638672,
      6.423100471496582,
      6.384533882141113,
      6.41445779800415,
      6.274277687072754,
      6.026554584503174,
      6.274843692779541,
      6.171045303344727,
      6.363978862762451,
      6.681571006774902,
      6.86470890045166,
      6.688236236572266,
      6.379868507385254,
      6.452670574188232,
      6.495473861694336,
      6.561862945556641,
      6.480559349060059,
      6.697849273681641
    ],
    [
      3.611021041870117,
      5.83176851272583,
      6.227551460266113,
      6.211422443389893,
      6.354056358337402,
      6.392061710357666,
      6.53236722946167,
      6.517914295196533,
      6.774523735046387,
      7.037712574005127,
      6.700511932373047,
      6.350959300994873,
      6.333521842956543,
      6.193392753601074,
      6.526322364807129,
      6.4478302001953125,
      6.139571189880371,
      6.3018646240234375,
      6.654695510864258,
      6.798218727111816,
      6.068027019500732,
      5.86860990524292,
      6.068438529968262,
      6.288384914398193,
      6.228397369384766,
      6.281463623046875,
      6.13398551940918,
      5.8900580406188965,
      6.111322402954102,
      5.980319023132324,
      6.1788434982299805,
      6.730933666229248,
      6.922723770141602,
      6.647564888000488,
      6.279839515686035,
      6.380918502807617,
      6.405601501464844,
      6.519535064697266,
      6.414628028869629,
      6.7633514404296875
    ],
    [
      3.9404125213623047,
      6.122625350952148,
      6.601007461547852,
      6.404346466064453,
      6.393246650695801,
      6.28343391418457,
      6.381260871887207,
      6.458705902099609,
      6.594084739685059,
      6.700511932373047,
      7.229168891906738,
      6.890345096588135,
      6.877918243408203,
      6.746423721313477,
      6.72552490234375,
      6.561592102050781,
      6.513258934020996,
      6.6399126052856445,
      6.8556132316589355,
      6.858901023864746,
      6.450896263122559,
      6.326956748962402,
      6.492971420288086,
      6.567757606506348,
      6.522338390350342,
      6.582608222961426,
      6.505829811096191,
      6.288045883178711,
      6.427724361419678,
      6.247698783874512,
      6.316375732421875,
      6.676460266113281,
      7.007609844207764,
      6.802273273468018,
      6.524453163146973,
      6.856836318969727,
      6.729576110839844,
      6.647076606750488,
      6.436108589172363,
      6.722532272338867
    ],
    [
      3.914867401123047,
      6.287769794464111,
      6.558291435241699,
      6.441054344177246,
      6.504268646240234,
      6.303238868713379,
      6.250611782073975,
      6.401182174682617,
      6.413875102996826,
      6.350959300994873,
      6.890345096588135,
      7.06986141204834,
      6.945376873016357,
      6.878954887390137,
      6.843289375305176,
      6.566774368286133,
      6.492870330810547,
      6.715279579162598,
      6.706748008728027,
      6.54939603805542,
      6.3503522872924805,
      6.3261518478393555,
      6.521125793457031,
      6.636552810668945,
      6.693976879119873,
      6.69796085357666,
      6.6202168464660645,
      6.3733062744140625,
      6.6201372146606445,
      6.497371196746826,
      6.586512088775635,
      6.608592987060547,
      6.842966556549072,
      6.777441501617432,
      6.563787937164307,
      6.950771808624268,
      6.904525279998779,
      6.708274841308594,
      6.450550556182861,
      6.599825859069824
    ],
    [
      3.733739137649536,
      6.4084858894348145,
      6.6910400390625,
      6.479438781738281,
      6.489651679992676,
      6.327352523803711,
      6.355592250823975,
      6.399989128112793,
      6.446976661682129,
      6.333521842956543,
      6.877918243408203,
      6.945376873016357,
      7.237466812133789,
      6.905412673950195,
      6.937978744506836,
      6.6270341873168945,
      6.472359657287598,
      6.646655082702637,
      6.6450982093811035,
      6.562248229980469,
      6.365899085998535,
      6.37050724029541,
      6.541019439697266,
      6.593920707702637,
      6.646085739135742,
      6.64351224899292,
      6.659290313720703,
      6.385010242462158,
      6.563843727111816,
      6.4078369140625,
      6.480236053466797,
      6.572861671447754,
      6.963108539581299,
      6.872343063354492,
      6.583508014678955,
      7.016887664794922,
      6.867915153503418,
      6.6636528968811035,
      6.420184135437012,
      6.592763423919678
    ],
    [
      3.9052324295043945,
      6.166402339935303,
      6.589398384094238,
      6.558261871337891,
      6.4317145347595215,
      6.203532695770264,
      6.165249347686768,
      6.319714069366455,
      6.31350564956665,
      6.193392753601074,
      6.746423721313477,
      6.878954887390137,
      6.905412673950195,
      7.026716709136963,
      6.874973297119141,
      6.547022819519043,
      6.460702896118164,
      6.548088073730469,
      6.625025749206543,
      6.518922328948975,
      6.417768478393555,
      6.271638870239258,
      6.49436616897583,
      6.567859649658203,
      6.646226406097412,
      6.61073637008667,
      6.514754295349121,
      6.2490339279174805,
      6.508679389953613,
      6.390003681182861,
      6.543216705322266,
      6.654498100280762,
      6.8565216064453125,
      6.794200897216797,
      6.449118614196777,
      6.934391975402832,
      6.901248931884766,
      6.759794235229492,
      6.46852970123291,
      6.674252510070801
    ],
    [
      3.919111728668213,
      6.249817848205566,
      6.439586162567139,
      6.5136919021606445,
      6.647717475891113,
      6.460243225097656,
      6.392983913421631,
      6.542544364929199,
      6.582067489624023,
      6.526322364807129,
      6.72552490234375,
      6.843289375305176,
      6.937978744506836,
      6.874973297119141,
      7.271271228790283,
      7.019455909729004,
      6.710419178009033,
      6.756336212158203,
      6.7131500244140625,
      6.6136794090271,
      6.310693740844727,
      6.372252464294434,
      6.5880513191223145,
      6.761744499206543,
      6.786078929901123,
      6.793229103088379,
      6.751236915588379,
      6.5143818855285645,
      6.759026527404785,
      6.647732734680176,
      6.787792205810547,
      6.7333807945251465,
      6.957284927368164,
      6.931642055511475,
      6.698714256286621,
      6.9080047607421875,
      6.88037633895874,
      6.827086448669434,
      6.720019817352295,
      6.787692070007324
    ],
    [
      3.9201951026916504,
      5.905299186706543,
      6.152894973754883,
      6.286547660827637,
      6.439525127410889,
      6.370508193969727,
      6.326951026916504,
      6.399625778198242,
      6.463053226470947,
      6.4478302001953125,
      6.561592102050781,
      6.566774368286133,
      6.6270341873168945,
      6.547022819519043,
      7.019455909729004,
      6.986596584320068,
      6.648821830749512,
      6.656869888305664,
      6.686488151550293,
      6.587474822998047,
      6.270023345947266,
      6.255194187164307,
      6.474231243133545,
      6.722102642059326,
      6.616392612457275,
      6.7035603523254395,
      6.687289714813232,
      6.421137809753418,
      6.607841968536377,
      6.520139694213867,
      6.608826637268066,
      6.670323371887207,
      6.8895721435546875,
      6.807093620300293,
      6.581242561340332,
      6.736536502838135,
      6.677824974060059,
      6.699713706970215,
      6.636867523193359,
      6.754363536834717
    ],
    [
      4.204597473144531,
      5.8818039894104,
      5.986547470092773,
      6.052441596984863,
      6.261559009552002,
      6.138140678405762,
      6.078268051147461,
      6.240818977355957,
      6.221686840057373,
      6.139571189880371,
      6.513258934020996,
      6.492870330810547,
      6.472359657287598,
      6.460702896118164,
      6.710419178009033,
      6.648821830749512,
      7.045793533325195,
      6.810215950012207,
      6.728376388549805,
      6.5848846435546875,
      6.4490966796875,
      6.414525032043457,
      6.646355628967285,
      6.88425350189209,
      6.854615211486816,
      6.993581771850586,
      6.876495361328125,
      6.644696235656738,
      6.696599960327148,
      6.6581501960754395,
      6.690766334533691,
      6.637565612792969,
      6.760008811950684,
      6.784523963928223,
      6.647292137145996,
      6.771100997924805,
      6.686151027679443,
      6.642849922180176,
      6.620022773742676,
      6.647564888000488
    ],
    [
      4.129708290100098,
      6.060593605041504,
      6.228557586669922,
      6.316550254821777,
      6.575709819793701,
      6.314386367797852,
      6.167613983154297,
      6.449641227722168,
      6.408949851989746,
      6.3018646240234375,
      6.6399126052856445,
      6.715279579162598,
      6.646655082702637,
      6.548088073730469,
      6.756336212158203,
      6.656869888305664,
      6.810215950012207,
      7.299129486083984,
      7.066412925720215,
      6.6907758712768555,
      6.420010089874268,
      6.486008644104004,
      6.84755802154541,
      7.088921070098877,
      7.091940879821777,
      7.087648391723633,
      6.863117218017578,
      6.567105293273926,
      6.901827335357666,
      6.8491010665893555,
      7.033367156982422,
      6.766412734985352,
      6.796127796173096,
      6.88006591796875,
      6.7651872634887695,
      7.009727954864502,
      6.894343376159668,
      6.811606407165527,
      6.771923542022705,
      6.728309631347656
    ],
    [
      3.8612914085388184,
      6.005666255950928,
      6.549636363983154,
      6.560349464416504,
      6.563660621643066,
      6.388034820556641,
      6.420103073120117,
      6.4833526611328125,
      6.598273277282715,
      6.654695510864258,
      6.8556132316589355,
      6.706748008728027,
      6.6450982093811035,
      6.625025749206543,
      6.7131500244140625,
      6.686488151550293,
      6.728376388549805,
      7.066412925720215,
      7.524307727813721,
      7.40980339050293,
      6.7962117195129395,
      6.522716999053955,
      6.826029300689697,
      6.963347434997559,
      6.970708847045898,
      6.921881675720215,
      6.703160285949707,
      6.3794426918029785,
      6.691295623779297,
      6.553454399108887,
      6.964672088623047,
      7.27810001373291,
      7.287232398986816,
      7.065070152282715,
      6.686700820922852,
      7.000650882720947,
      6.9666032791137695,
      7.046735763549805,
      6.997830390930176,
      7.340734481811523
    ],
    [
      3.8967883586883545,
      5.851316928863525,
      6.520474433898926,
      6.486841201782227,
      6.467378616333008,
      6.328027725219727,
      6.483238220214844,
      6.425687789916992,
      6.6301164627075195,
      6.798218727111816,
      6.858901023864746,
      6.54939603805542,
      6.562248229980469,
      6.518922328948975,
      6.6136794090271,
      6.587474822998047,
      6.5848846435546875,
      6.6907758712768555,
      7.40980339050293,
      7.529048919677734,
      6.789670944213867,
      6.4075927734375,
      6.674970626831055,
      6.7725419998168945,
      6.711236000061035,
      6.716145038604736,
      6.500823974609375,
      6.23242712020874,
      6.4368743896484375,
      6.279994964599609,
      6.559471130371094,
      7.2579522132873535,
      7.348291873931885,
      7.022832870483398,
      6.5409464836120605,
      6.873464107513428,
      6.826303482055664,
      6.888641357421875,
      6.772030353546143,
      7.372220993041992
    ],
    [
      3.7686219215393066,
      5.694278717041016,
      6.2641448974609375,
      6.194643497467041,
      6.158053874969482,
      5.95808744430542,
      6.0345916748046875,
      6.054572105407715,
      6.066801071166992,
      6.068027019500732,
      6.450896263122559,
      6.3503522872924805,
      6.365899085998535,
      6.417768478393555,
      6.310693740844727,
      6.270023345947266,
      6.4490966796875,
      6.420010089874268,
      6.7962117195129395,
      6.789670944213867,
      6.860261917114258,
      6.706437110900879,
      6.748301982879639,
      6.776161193847656,
      6.730789661407471,
      6.739253044128418,
      6.66720724105835,
      6.445548057556152,
      6.551701068878174,
      6.399827003479004,
      6.5186896324157715,
      6.878838539123535,
      6.9451584815979,
      6.837756156921387,
      6.49981164932251,
      6.832569122314453,
      6.706109523773193,
      6.608362197875977,
      6.427124977111816,
      6.810018062591553
    ],
    [
      3.776576042175293,
      5.72245979309082,
      6.102407455444336,
      6.070076942443848,
      6.130558013916016,
      5.96476936340332,
      5.984217643737793,
      5.982109546661377,
      5.946216106414795,
      5.86860990524292,
      6.326956748962402,
      6.3261518478393555,
      6.37050724029541,
      6.271638870239258,
      6.372252464294434,
      6.255194187164307,
      6.414525032043457,
      6.486008644104004,
      6.522716999053955,
      6.4075927734375,
      6.706437110900879,
      6.836643218994141,
      6.838982582092285,
      6.905104637145996,
      6.763648509979248,
      6.825766563415527,
      6.872435569763184,
      6.658665657043457,
      6.781428337097168,
      6.5831074714660645,
      6.577613830566406,
      6.609684944152832,
      6.757540702819824,
      6.710751056671143,
      6.563260078430176,
      6.786404609680176,
      6.635186672210693,
      6.530412197113037,
      6.4015913009643555,
      6.520576477050781
    ],
    [
      4.044785022735596,
      5.880815505981445,
      6.328195571899414,
      6.303140640258789,
      6.556817054748535,
      6.277472496032715,
      6.227592945098877,
      6.2623066902160645,
      6.200420379638672,
      6.068438529968262,
      6.492971420288086,
      6.521125793457031,
      6.541019439697266,
      6.49436616897583,
      6.5880513191223145,
      6.474231243133545,
      6.646355628967285,
      6.84755802154541,
      6.826029300689697,
      6.674970626831055,
      6.748301982879639,
      6.838982582092285,
      7.296512126922607,
      7.362054824829102,
      7.171751022338867,
      7.118513107299805,
      7.03073787689209,
      6.851447582244873,
      7.113498687744141,
      6.927864074707031,
      6.9752092361450195,
      6.897045135498047,
      6.969524383544922,
      6.948232173919678,
      6.8418450355529785,
      7.068924903869629,
      6.945648670196533,
      6.886462688446045,
      6.800334930419922,
      6.831031799316406
    ],
    [
      4.098710536956787,
      5.9432501792907715,
      6.333554744720459,
      6.462831497192383,
      6.660048484802246,
      6.414637088775635,
      6.370213031768799,
      6.49312162399292,
      6.423100471496582,
      6.288384914398193,
      6.567757606506348,
      6.636552810668945,
      6.593920707702637,
      6.567859649658203,
      6.761744499206543,
      6.722102642059326,
      6.88425350189209,
      7.088921070098877,
      6.963347434997559,
      6.7725419998168945,
      6.776161193847656,
      6.905104637145996,
      7.362054824829102,
      7.596976280212402,
      7.372037887573242,
      7.323832988739014,
      7.231963157653809,
      7.006411552429199,
      7.2965803146362305,
      7.164509296417236,
      7.263561248779297,
      7.062641143798828,
      7.109523773193359,
      7.131441116333008,
      7.034748077392578,
      7.145312309265137,
      7.075198650360107,
      7.080698013305664,
      7.052019119262695,
      7.006674766540527
    ],
    [
      3.9415531158447266,
      6.032057285308838,
      6.343257427215576,
      6.444754600524902,
      6.61815881729126,
      6.329450607299805,
      6.235051155090332,
      6.457189559936523,
      6.384533882141113,
      6.228397369384766,
      6.522338390350342,
      6.693976879119873,
      6.646085739135742,
      6.646226406097412,
      6.786078929901123,
      6.616392612457275,
      6.854615211486816,
      7.091940879821777,
      6.970708847045898,
      6.711236000061035,
      6.730789661407471,
      6.763648509979248,
      7.171751022338867,
      7.372037887573242,
      7.465494155883789,
      7.472843170166016,
      7.249058723449707,
      6.998353004455566,
      7.263365745544434,
      7.190066337585449,
      7.332995891571045,
      7.1016035079956055,
      7.053789138793945,
      7.1025190353393555,
      6.991135597229004,
      7.126613140106201,
      7.114620208740234,
      7.05033016204834,
      6.970108509063721,
      6.95763635635376
    ],
    [
      3.91131591796875,
      6.091423988342285,
      6.221051216125488,
      6.38527774810791,
      6.508818626403809,
      6.320093154907227,
      6.330572128295898,
      6.480052471160889,
      6.41445779800415,
      6.281463623046875,
      6.582608222961426,
      6.69796085357666,
      6.64351224899292,
      6.61073637008667,
      6.793229103088379,
      6.7035603523254395,
      6.993581771850586,
      7.087648391723633,
      6.921881675720215,
      6.716145038604736,
      6.739253044128418,
      6.825766563415527,
      7.118513107299805,
      7.323832988739014,
      7.472843170166016,
      7.704049110412598,
      7.5633463859558105,
      7.323265075683594,
      7.441596508026123,
      7.3232035636901855,
      7.361017227172852,
      7.099121570587158,
      7.1888251304626465,
      7.2113800048828125,
      7.12135124206543,
      7.227156639099121,
      7.126405239105225,
      7.054442882537842,
      6.982420921325684,
      6.993556976318359
    ],
    [
      3.866014242172241,
      6.117796897888184,
      6.201145648956299,
      6.274585723876953,
      6.456181526184082,
      6.307374000549316,
      6.322778701782227,
      6.332067489624023,
      6.274277687072754,
      6.13398551940918,
      6.505829811096191,
      6.6202168464660645,
      6.659290313720703,
      6.514754295349121,
      6.751236915588379,
      6.687289714813232,
      6.876495361328125,
      6.863117218017578,
      6.703160285949707,
      6.500823974609375,
      6.66720724105835,
      6.872435569763184,
      7.03073787689209,
      7.231963157653809,
      7.249058723449707,
      7.5633463859558105,
      7.574399948120117,
      7.41272497177124,
      7.373427391052246,
      7.259522438049316,
      7.089940547943115,
      6.854936599731445,
      7.0344038009643555,
      7.070392608642578,
      7.037026405334473,
      7.2133378982543945,
      7.032220840454102,
      6.871500015258789,
      6.745696544647217,
      6.769964218139648
    ],
    [
      3.740368366241455,
      5.895086765289307,
      5.932704925537109,
      6.019867897033691,
      6.1808624267578125,
      6.0136237144470215,
      6.09793758392334,
      6.080164432525635,
      6.026554584503174,
      5.8900580406188965,
      6.288045883178711,
      6.3733062744140625,
      6.385010242462158,
      6.2490339279174805,
      6.5143818855285645,
      6.421137809753418,
      6.644696235656738,
      6.567105293273926,
      6.3794426918029785,
      6.23242712020874,
      6.445548057556152,
      6.658665657043457,
      6.851447582244873,
      7.006411552429199,
      6.998353004455566,
      7.323265075683594,
      7.41272497177124,
      7.301628589630127,
      7.268240928649902,
      7.078111171722412,
      6.872893333435059,
      6.583095550537109,
      6.831940650939941,
      6.855781555175781,
      6.8599653244018555,
      6.970541477203369,
      6.780416488647461,
      6.6572794914245605,
      6.537213325500488,
      6.514194965362549
    ],
    [
      3.8214948177337646,
      6.147523880004883,
      6.246273040771484,
      6.294100284576416,
      6.53325080871582,
      6.320889949798584,
      6.330330848693848,
      6.365084171295166,
      6.274843692779541,
      6.111322402954102,
      6.427724361419678,
      6.6201372146606445,
      6.563843727111816,
      6.508679389953613,
      6.759026527404785,
      6.607841968536377,
      6.696599960327148,
      6.901827335357666,
      6.691295623779297,
      6.4368743896484375,
      6.551701068878174,
      6.781428337097168,
      7.113498687744141,
      7.2965803146362305,
      7.263365745544434,
      7.441596508026123,
      7.373427391052246,
      7.268240928649902,
      7.484622001647949,
      7.346649646759033,
      7.210156440734863,
      6.868932247161865,
      6.921112060546875,
      6.951539993286133,
      6.982290267944336,
      7.174463272094727,
      7.056157112121582,
      6.91781759262085,
      6.780909538269043,
      6.730947494506836
    ],
    [
      3.7576241493225098,
      6.035891532897949,
      6.057718753814697,
      6.209956645965576,
      6.420044422149658,
      6.15587043762207,
      6.123887062072754,
      6.298002243041992,
      6.171045303344727,
      5.980319023132324,
      6.247698783874512,
      6.497371196746826,
      6.4078369140625,
      6.390003681182861,
      6.647732734680176,
      6.520139694213867,
      6.6581501960754395,
      6.8491010665893555,
      6.553454399108887,
      6.279994964599609,
      6.399827003479004,
      6.5831074714660645,
      6.927864074707031,
      7.164509296417236,
      7.190066337585449,
      7.3232035636901855,
      7.259522438049316,
      7.078111171722412,
      7.346649646759033,
      7.285266399383545,
      7.250185012817383,
      6.760223388671875,
      6.768318176269531,
      6.838663101196289,
      6.868467807769775,
      7.004429817199707,
      6.927396774291992,
      6.8264288902282715,
      6.7249016761779785,
      6.582730770111084
    ],
    [
      3.7091197967529297,
      6.0481181144714355,
      6.198163032531738,
      6.369375228881836,
      6.565918922424316,
      6.26667594909668,
      6.198876857757568,
      6.422907829284668,
      6.363978862762451,
      6.1788434982299805,
      6.316375732421875,
      6.586512088775635,
      6.480236053466797,
      6.543216705322266,
      6.787792205810547,
      6.608826637268066,
      6.690766334533691,
      7.033367156982422,
      6.964672088623047,
      6.559471130371094,
      6.5186896324157715,
      6.577613830566406,
      6.9752092361450195,
      7.263561248779297,
      7.332995891571045,
      7.361017227172852,
      7.089940547943115,
      6.872893333435059,
      7.210156440734863,
      7.250185012817383,
      7.515604019165039,
      7.16193151473999,
      6.9038286209106445,
      7.017637252807617,
      6.8996124267578125,
      7.019066333770752,
      7.072929382324219,
      7.077204704284668,
      7.039532661437988,
      6.982749938964844
    ],
    [
      3.7365758419036865,
      5.968380928039551,
      6.579843044281006,
      6.655274391174316,
      6.603311538696289,
      6.393405914306641,
      6.505745887756348,
      6.552649974822998,
      6.681571006774902,
      6.730933666229248,
      6.676460266113281,
      6.608592987060547,
      6.572861671447754,
      6.654498100280762,
      6.7333807945251465,
      6.670323371887207,
      6.637565612792969,
      6.766412734985352,
      7.27810001373291,
      7.2579522132873535,
      6.878838539123535,
      6.609684944152832,
      6.897045135498047,
      7.062641143798828,
      7.1016035079956055,
      7.099121570587158,
      6.854936599731445,
      6.583095550537109,
      6.868932247161865,
      6.760223388671875,
      7.16193151473999,
      7.610808849334717,
      7.450048446655273,
      7.272789478302002,
      6.828485488891602,
      7.0276875495910645,
      7.0866546630859375,
      7.197276592254639,
      7.105933666229248,
      7.507874488830566
    ],
    [
      3.9141650199890137,
      6.115668773651123,
      6.769537925720215,
      6.772308349609375,
      6.695522308349609,
      6.574520587921143,
      6.74697732925415,
      6.685471534729004,
      6.86470890045166,
      6.922723770141602,
      7.007609844207764,
      6.842966556549072,
      6.963108539581299,
      6.8565216064453125,
      6.957284927368164,
      6.8895721435546875,
      6.760008811950684,
      6.796127796173096,
      7.287232398986816,
      7.348291873931885,
      6.9451584815979,
      6.757540702819824,
      6.969524383544922,
      7.109523773193359,
      7.053789138793945,
      7.1888251304626465,
      7.0344038009643555,
      6.831940650939941,
      6.921112060546875,
      6.768318176269531,
      6.9038286209106445,
      7.450048446655273,
      7.731708526611328,
      7.5529255867004395,
      7.098296165466309,
      7.318817138671875,
      7.271323204040527,
      7.25798225402832,
      7.113945007324219,
      7.571235179901123
    ],
    [
      3.8736395835876465,
      6.0735602378845215,
      6.570021629333496,
      6.629311561584473,
      6.648030757904053,
      6.48408317565918,
      6.53090763092041,
      6.562678813934326,
      6.688236236572266,
      6.647564888000488,
      6.802273273468018,
      6.777441501617432,
      6.872343063354492,
      6.794200897216797,
      6.931642055511475,
      6.807093620300293,
      6.784523963928223,
      6.88006591796875,
      7.065070152282715,
      7.022832870483398,
      6.837756156921387,
      6.710751056671143,
      6.948232173919678,
      7.131441116333008,
      7.1025190353393555,
      7.2113800048828125,
      7.070392608642578,
      6.855781555175781,
      6.951539993286133,
      6.838663101196289,
      7.017637252807617,
      7.272789478302002,
      7.5529255867004395,
      7.6253180503845215,
      7.214345932006836,
      7.310647964477539,
      7.252710342407227,
      7.242666244506836,
      7.093282699584961,
      7.376871585845947
    ],
    [
      3.7307934761047363,
      5.941939353942871,
      6.178923606872559,
      6.243470191955566,
      6.509034633636475,
      6.34064245223999,
      6.305807113647461,
      6.360956192016602,
      6.379868507385254,
      6.279839515686035,
      6.524453163146973,
      6.563787937164307,
      6.583508014678955,
      6.449118614196777,
      6.698714256286621,
      6.581242561340332,
      6.647292137145996,
      6.7651872634887695,
      6.686700820922852,
      6.5409464836120605,
      6.49981164932251,
      6.563260078430176,
      6.8418450355529785,
      7.034748077392578,
      6.991135597229004,
      7.12135124206543,
      7.037026405334473,
      6.8599653244018555,
      6.982290267944336,
      6.868467807769775,
      6.8996124267578125,
      6.828485488891602,
      7.098296165466309,
      7.214345932006836,
      7.115457534790039,
      7.1316046714782715,
      7.004995346069336,
      6.953021049499512,
      6.886336326599121,
      6.90871524810791
    ],
    [
      3.8301939964294434,
      6.3121232986450195,
      6.720630645751953,
      6.581090927124023,
      6.614309310913086,
      6.428027153015137,
      6.425361633300781,
      6.479448318481445,
      6.452670574188232,
      6.380918502807617,
      6.856836318969727,
      6.950771808624268,
      7.016887664794922,
      6.934391975402832,
      6.9080047607421875,
      6.736536502838135,
      6.771100997924805,
      7.009727954864502,
      7.000650882720947,
      6.873464107513428,
      6.832569122314453,
      6.786404609680176,
      7.068924903869629,
      7.145312309265137,
      7.126613140106201,
      7.227156639099121,
      7.2133378982543945,
      6.970541477203369,
      7.174463272094727,
      7.004429817199707,
      7.019066333770752,
      7.0276875495910645,
      7.318817138671875,
      7.310647964477539,
      7.1316046714782715,
      7.6327338218688965,
      7.407719612121582,
      7.197735786437988,
      6.923970699310303,
      7.070023059844971
    ],
    [
      3.814117431640625,
      6.232032775878906,
      6.662508010864258,
      6.651486396789551,
      6.608551025390625,
      6.376402378082275,
      6.4098429679870605,
      6.486859321594238,
      6.495473861694336,
      6.405601501464844,
