{
  "ap": [
    4.0390520095825195,
    4.363235950469971,
    4.450000286102295,
    4.944808483123779,
    4.914538860321045,
    5.26301908493042,
    5.866892337799072,
    6.1768951416015625,
    6.062861442565918,
    6.390519142150879,
    6.473872184753418,
    6.333090782165527,
    6.239141464233398,
    6.195553779602051,
    6.482545375823975,
    6.4387640953063965,
    6.495508670806885,
    6.397810935974121,
    6.427227973937988,
    6.288728713989258,
    6.650007724761963,
    6.5548553466796875,
    6.473433494567871,
    6.530490875244141,
    6.429606914520264,
    6.454668998718262,
    6.498335361480713,
    6.585751533508301,
    6.428098678588867,
    6.437829494476318,
    6.4338274002075195,
    6.506726264953613,
    6.280261039733887,
    6.35811710357666,
    6.584092617034912,
    6.397585868835449,
    6.461592197418213,
    6.340229034423828,
    6.45474910736084,
    6.447859764099121,
    6.320074081420898,
    6.441624641418457,
    6.4284281730651855,
    6.457543849945068,
    6.434420108795166,
    6.3073296546936035,
    6.487911701202393,
    6.279594898223877,
    6.471213340759277,
    6.459036350250244,
    6.376025199890137,
    6.417410850524902,
    6.441754341125488,
    6.434260845184326,
    6.458314895629883,
    6.4397358894348145,
    6.4284772872924805,
    6.223141193389893,
    6.374623775482178,
    6.270451545715332,
    6.120185852050781,
    6.313633918762207,
    6.406782627105713,
    6.277761936187744,
    6.405126094818115,
    6.374988079071045,
    6.289876937866211,
    6.396076679229736,
    6.325659275054932,
    6.329247951507568,
    6.353240489959717,
    6.078252792358398,
    6.315502166748047,
    6.2193098068237305,
    6.343636512756348,
    6.2953925132751465,
    6.186072826385498,
    6.187675476074219,
    6.333517074584961,
    6.183432579040527,
    5.8053460121154785,
    6.108827590942383,
    6.182326793670654,
    6.317925930023193,
    6.132401943206787,
    6.274420261383057,
    6.370329856872559,
    6.315814018249512
  ],
  "ape": [
    4.350772857666016,
    4.307806491851807,
    4.328079700469971,
    4.364067077636719,
    4.422628879547119,
    4.443666934967041,
    4.443480491638184,
    4.438053131103516,
    4.436102867126465,
    4.433202266693115,
    4.427905082702637,
    4.424015998840332,
    4.426051139831543,
    4.427977085113525,
    4.431439399719238,
    4.4300994873046875,
    4.429896354675293,
    4.429658889770508,
    4.4301981925964355,
    4.4288835525512695,
    4.429760456085205,
    4.430781841278076,
    4.4306416511535645,
    4.430706977844238,
    4.426358222961426,
    4.428462028503418,
    4.426997661590576,
    4.42857551574707,
    4.428711414337158,
    4.426323413848877,
    4.424404621124268,
    4.43114709854126,
    4.4278340339660645,
    4.430485725402832,
    4.432202339172363,
    4.433780193328857,
    4.431312084197998,
    4.4271674156188965,
    4.42937707901001,
    4.430095195770264,
    4.432369709014893,
    4.430423259735107,
    4.430587291717529,
    4.432394504547119,
    4.430887699127197,
    4.4324259757995605,
    4.431822776794434,
    4.430814743041992,
    4.432154178619385,
    4.434242248535156,
    4.431694507598877,
    4.431087970733643,
    4.432040691375732,
    4.432807445526123,
    4.430360317230225,
    4.431283950805664,
    4.4308600425720215,
    4.422781467437744,
    4.4309401512146,
    4.430236339569092,
    4.424594402313232,
    4.430541038513184,
    4.428661823272705,
    4.432024002075195,
    4.431809902191162,
    4.431087493896484,
    4.425418376922607,
    4.429440021514893,
    4.42345666885376,
    4.427512168884277,
    4.428886890411377,
    4.423501491546631,
    4.427199840545654,
    4.429638385772705,
    4.429245471954346,
    4.4270100593566895,
    4.425187587738037,
    4.428706169128418,
    4.435680389404297,
    4.436578273773193,
    4.431188106536865,
    4.434619903564453,
    4.433259010314941,
    4.431510925292969,
    4.4281697273254395,
    4.4321699142456055,
    4.4336652755737305,
    4.4356770515441895
  ],
  "char_spans": [
    [
      0,
      1
    ],
    [
      1,
      3
    ],
    [
      3,
      5
    ],
    [
      5,
      7
    ],
    [
      7,
      8
    ],
    [
      8,
      9
    ],
    [
      9,
      11
    ],
    [
      11,
      13
    ],
    [
      13,
      15
    ],
    [
      15,
      17
    ],
    [
      17,
      20
    ],
    [
      20,
      22
    ],
    [
      22,
      24
    ],
    [
      24,
      25
    ],
    [
      25,
      27
    ],
    [
      27,
      30
    ],
    [
      30,
      32
    ],
    [
      32,
      33
    ],
    [
      33,
      35
    ],
    [
      35,
      36
    ],
    [
      36,
      39
    ],
    [
      39,
      40
    ],
    [
      40,
      43
    ],
    [
      43,
      45
    ],
    [
      45,
      47
    ],
    [
      47,
      49
    ],
    [
      49,
      52
    ],
    [
      52,
      54
    ],
    [
      54,
      55
    ],
    [
      55,
      57
    ],
    [
      57,
      59
    ],
    [
      59,
      61
    ],
    [
      61,
      63
    ],
    [
      63,
      64
    ],
    [
      64,
      66
    ],
    [
      66,
      68
    ],
    [
      68,
      70
    ],
    [
      70,
      71
    ],
    [
      71,
      73
    ],
    [
      73,
      75
    ],
    [
      75,
      76
    ],
    [
      76,
      78
    ],
    [
      78,
      79
    ],
    [
      79,
      81
    ],
    [
      81,
      84
    ],
    [
      84,
      85
    ],
    [
      85,
      87
    ],
    [
      87,
      89
    ],
    [
      89,
      91
    ],
    [
      91,
      93
    ],
    [
      93,
      95
    ],
    [
      95,
      97
    ],
    [
      97,
      99
    ],
    [
      99,
      101
    ],
    [
      101,
      103
    ],
    [
      103,
      105
    ],
    [
      105,
      107
    ],
    [
      107,
      108
    ],
    [
      108,
      110
    ],
    [
      110,
      112
    ],
    [
      112,
      113
    ],
    [
      113,
      115
    ],
    [
      115,
      117
    ],
    [
      117,
      118
    ],
    [
      118,
      120
    ],
    [
      120,
      122
    ],
    [
      122,
      123
    ],
    [
      123,
      126
    ],
    [
      126,
      127
    ],
    [
      127,
      130
    ],
    [
      130,
      132
    ],
    [
      132,
      133
    ],
    [
      133,
      135
    ],
    [
      135,
      136
    ],
    [
      136,
      138
    ],
    [
      138,
      139
    ],
    [
      139,
      140
    ],
    [
      140,
      142
    ],
    [
      142,
      144
    ],
    [
      144,
      147
    ],
    [
      147,
      148
    ],
    [
      148,
      150
    ],
    [
      150,
      152
    ],
    [
      152,
      154
    ],
    [
      154,
      155
    ],
    [
      155,
      157
    ],
    [
      157,
      160
    ],
    [
      160,
      162
    ]
  ],
  "matrix": [
    [
      6.826569557189941,
      5.568544387817383,
      5.339183807373047,
      4.577601432800293,
      4.345593452453613,
      4.147393226623535,
      4.172898292541504,
      4.114776134490967,
      4.073459625244141,
      4.2051544189453125,
      4.489574909210205,
      4.3577656745910645,
      4.241191864013672,
      4.077487468719482,
      3.9585325717926025,
      3.9793765544891357,
      3.8944876194000244,
      3.9221794605255127,
      3.9612231254577637,
      3.987368106842041,
      4.305030822753906,
      4.290493011474609,
      4.148589134216309,
      4.160545825958252,
      4.205031871795654,
      4.19980525970459,
      4.151805877685547,
      4.298525810241699,
      4.2227864265441895,
      4.375348091125488,
      4.313105583190918,
      4.0590314865112305,
      4.011684417724609,
      3.904747486114502,
      3.933791160583496,
      3.7931830883026123,
      3.9119341373443604,
      3.9102180004119873,
      4.056978702545166,
      4.077021598815918,
      3.920111656188965,
      3.942103624343872,
      3.8376705646514893,
      3.857017993927002,
      4.048661708831787,
      4.115077018737793,
      4.033940315246582,
      3.8354642391204834,
      4.01447868347168,
      3.917238235473633,
      3.795567035675049,
      3.8546810150146484,
      3.962188243865967,
      3.8929638862609863,
      3.8823294639587402,
      3.8691844940185547,
      3.886380672454834,
      3.9091498851776123,
      3.856405735015869,
      3.6750540733337402,
      3.6964035034179688,
      3.628145217895508,
      3.725602388381958,
      3.48104190826416,
      3.726914405822754,
      3.8619608879089355,
      3.9392993450164795,
      3.813624858856201,
      3.8033995628356934,
      3.671581268310547,
      3.8234641551971436,
      3.831536293029785,
      3.9483654499053955,
      3.8702735900878906,
      3.9620461463928223,
      4.041054725646973,
      3.948967456817627,
      3.9915075302124023,
      4.070018768310547,
      4.279296398162842,
      4.156996726989746,
      4.0669403076171875,
      4.055503845214844,
      4.123128414154053,
      4.047476768493652,
      3.998638153076172,
      4.105262756347656,
      3.879955768585205
    ],
    [
      5.568544387817383,
      6.2142133712768555,
      6.074212074279785,
      5.428558826446533,
      4.966411113739014,
      4.849180221557617,
      4.809174060821533,
      4.63834810256958,
      4.499611854553223,
      4.590084075927734,
      4.696704864501953,
      4.530520915985107,
      4.466722011566162,
      4.307164192199707,
      4.369622230529785,
      4.355974197387695,
      4.2604522705078125,
      4.277397632598877,
      4.29753303527832,
      4.226198196411133,
      4.657628059387207,
      4.665803909301758,
      4.484640598297119,
      4.522134780883789,
      4.398580074310303,
      4.520102500915527,
      4.401620864868164,
      4.592133522033691,
      4.51679801940918,
      4.633932113647461,
      4.495038032531738,
      4.454748153686523,
      4.214517116546631,
      4.225404739379883,
      4.356359481811523,
      4.253691673278809,
      4.257293701171875,
      4.0923285484313965,
      4.36677360534668,
      4.440056324005127,
      4.354722023010254,
      4.27325439453125,
      4.193042755126953,
      4.2590789794921875,
      4.386373519897461,
      4.511754512786865,
      4.41631555557251,
      4.163766384124756,
      4.378863334655762,
      4.326604843139648,
      4.12150764465332,
      4.150531768798828,
      4.297903060913086,
      4.257998466491699,
      4.201144218444824,
      4.200353622436523,
      4.187190055847168,
      3.961787700653076,
      4.157654762268066,
      3.9631259441375732,
      3.794322967529297,
      3.97001051902771,
      3.9821319580078125,
      3.8938705921173096,
      4.066074371337891,
      4.188850402832031,
      4.044149398803711,
      4.1133527755737305,
      3.9415647983551025,
      3.897247314453125,
      4.090972900390625,
      3.893167018890381,
      4.133278846740723,
      4.174570083618164,
      4.231086254119873,
      4.242164134979248,
      4.039007186889648,
      4.21630859375,
      4.576887607574463,
      4.704092025756836,
      4.3492512702941895,
      4.429332733154297,
      4.438741683959961,
      4.382357597351074,
      4.179440975189209,
      4.270214080810547,
      4.484682559967041,
      4.349454879760742
    ],
    [
      5.339183807373047,
      6.074212074279785,
      6.127394199371338,
      5.522000312805176,
      5.031269073486328,
      4.971693992614746,
      4.949735641479492,
      4.711732864379883,
      4.641437530517578,
      4.676944732666016,
      4.791166305541992,
      4.610307693481445,
      4.599787712097168,
      4.453269958496094,
      4.502041339874268,
      4.477459907531738,
      4.348037242889404,
      4.375185966491699,
      4.360136032104492,
      4.295442581176758,
      4.734565734863281,
      4.750331878662109,
      4.598073959350586,
      4.581067085266113,
      4.507702827453613,
      4.646127700805664,
      4.579401969909668,
      4.77985954284668,
      4.72573184967041,
      4.75759220123291,
      4.600316524505615,
      4.517825603485107,
      4.352848529815674,
      4.349368572235107,
      4.491883754730225,
      4.413028240203857,
      4.4039225578308105,
      4.215933799743652,
      4.442412376403809,
      4.499630928039551,
      4.428163528442383,
      4.365096092224121,
      4.250911712646484,
      4.3233795166015625,
      4.495728015899658,
      4.575641632080078,
      4.478649139404297,
      4.233222484588623,
      4.453805446624756,
      4.454338073730469,
      4.25153112411499,
      4.2755255699157715,
      4.3883161544799805,
      4.366281032562256,
      4.241062164306641,
      4.285187244415283,
      4.247956275939941,
      3.9935660362243652,
      4.226516246795654,
      3.9992620944976807,
      3.8306965827941895,
      4.0544538497924805,
      4.048779010772705,
      3.963646650314331,
      4.176526069641113,
      4.249251365661621,
      4.105517864227295,
      4.169486999511719,
      3.9196481704711914,
      3.97969388961792,
      4.1792097091674805,
      3.9703469276428223,
      4.194454193115234,
      4.228265285491943,
      4.31224250793457,
      4.294347763061523,
      4.114505290985107,
      4.289444923400879,
      4.624079704284668,
      4.82521915435791,
      4.42215633392334,
      4.534099102020264,
      4.504323482513428,
      4.481415271759033,
      4.257242679595947,
      4.4060773849487305,
      4.593164443969727,
      4.4089226722717285
    ],
    [
      4.577601432800293,
      5.428558826446533,
      5.522000312805176,
      5.694792747497559,
      5.239032745361328,
      5.095404624938965,
      5.316378116607666,
      5.138130187988281,
      5.02370548248291,
      5.138174533843994,
      5.284614086151123,
      5.037729263305664,
      4.986721992492676,
      4.912050247192383,
      5.012923717498779,
      4.967808723449707,
      4.920951843261719,
      4.861907005310059,
      4.954580783843994,
      4.849883079528809,
      5.1889190673828125,
      5.199780464172363,
      5.074977874755859,
      5.088118076324463,
      4.921761989593506,
      4.978768348693848,
      4.958266735076904,
      5.088672637939453,
      5.03006649017334,
      5.117572784423828,
      4.961834907531738,
      5.004768371582031,
      4.775426864624023,
      4.812295913696289,
      5.014765739440918,
      4.912178039550781,
      4.904112815856934,
      4.707228660583496,
      4.890507221221924,
      4.971318244934082,
      4.873867034912109,
      4.892017364501953,
      4.797274112701416,
      4.923640251159668,
      4.965528964996338,
      5.014986991882324,
      5.047525405883789,
      4.835747241973877,
      5.042490005493164,
      5.096257209777832,
      4.902853012084961,
      4.927911281585693,
      5.011539936065674,
      5.027544021606445,
      4.89798641204834,
      4.947251796722412,
      4.93745231628418,
      4.61695671081543,
      4.874078750610352,
      4.7430925369262695,
      4.504558563232422,
      4.69749116897583,
      4.771139621734619,
      4.6301655769348145,
      4.845768928527832,
      4.9096150398254395,
      4.736289978027344,
      4.775084018707275,
      4.62270975112915,
      4.64052152633667,
      4.779595375061035,
      4.564219951629639,
      4.798810005187988,
      4.778226375579834,
      4.88442325592041,
      4.834757328033447,
      4.681394100189209,
      4.761270523071289,
      5.140139579772949,
      5.331923007965088,
      4.901474475860596,
      5.040811538696289,
      5.064698219299316,
      5.145655155181885,
      4.872536659240723,
      4.963220596313477,
      5.16135835647583,
      5.115027904510498
    ],
    [
      4.345593452453613,
      4.966411113739014,
      5.031269073486328,
      5.239032745361328,
      5.1517229080200195,
      5.141213417053223,
      5.22524356842041,
      5.057318210601807,
      4.960521697998047,
      5.173191070556641,
      5.201193332672119,
      4.933554172515869,
      4.8463640213012695,
      4.871681213378906,
      4.891040325164795,
      4.830738067626953,
      4.832736015319824,
      4.816407203674316,
      4.931569576263428,
      4.921093940734863,
      5.158781051635742,
      5.161858558654785,
      5.102665901184082,
      5.139359951019287,
      5.0555548667907715,
      4.992165565490723,
      4.935158729553223,
      5.105005741119385,
      4.987222671508789,
      5.0456929206848145,
      4.999390602111816,
      5.030941963195801,
      4.882160663604736,
      4.908038139343262,
      4.964235305786133,
      4.875107288360596,
      4.950164794921875,
      4.840969562530518,
      4.954451560974121,
      4.925448417663574,
      4.84716272354126,
      4.852449417114258,
      4.83172607421875,
      4.915125370025635,
      4.965624809265137,
      4.9785475730896,
      4.999652862548828,
      4.78201150894165,
      5.002859592437744,
      5.0270562171936035,
      4.837983131408691,
      4.896729469299316,
      4.975231647491455,
      4.958698749542236,
      4.87959098815918,
      4.893686294555664,
      4.937199115753174,
      4.805398941040039,
      4.919175148010254,
      4.7671051025390625,
      4.620670318603516,
      4.637486934661865,
      4.733269214630127,
      4.608651161193848,
      4.818556785583496,
      4.8487372398376465,
      4.836284160614014,
      4.757657051086426,
      4.644647598266602,
      4.6010050773620605,
      4.722390174865723,
      4.608391761779785,
      4.8373823165893555,
      4.745028018951416,
      4.873699188232422,
      4.845695495605469,
      4.811811447143555,
      4.7815961837768555,
      5.055636405944824,
      5.1506428718566895,
      4.899264335632324,
      4.977965354919434,
      4.924844741821289,
      5.03623628616333,
      4.883110046386719,
      4.96099328994751,
      5.036418437957764,
      5.003255844116211
    ],
    [
      4.147393226623535,
      4.849180221557617,
      4.971693992614746,
      5.095404624938965,
      5.141213417053223,
      5.618581771850586,
      5.681496620178223,
      5.626711845397949,
      5.380634784698486,
      5.655062675476074,
      5.611851692199707,
      5.391415596008301,
      5.28462028503418,
      5.343064785003662,
      5.391735076904297,
      5.298530578613281,
      5.2821245193481445,
      5.294441223144531,
      5.369352340698242,
      5.380562782287598,
      5.6045427322387695,
      5.560932159423828,
      5.44839334487915,
      5.516665935516357,
      5.470386505126953,
      5.364851951599121,
      5.302917003631592,
      5.485268592834473,
      5.389219284057617,
      5.4008283615112305,
      5.43440055847168,
      5.476859092712402,
      5.385540962219238,
      5.423233985900879,
      5.455293655395508,
      5.267936706542969,
      5.322260856628418,
      5.301953315734863,
      5.404378890991211,
      5.3116912841796875,
      5.246789932250977,
      5.338741302490234,
      5.318138122558594,
      5.419658660888672,
      5.341239929199219,
      5.2800703048706055,
      5.340170383453369,
      5.131159782409668,
      5.324440002441406,
      5.3045196533203125,
      5.143023490905762,
      5.221705436706543,
      5.316924095153809,
      5.244960308074951,
      5.301701545715332,
      5.2635273933410645,
      5.275616645812988,
      5.197070598602295,
      5.215590000152588,
      5.098136901855469,
      5.043585777282715,
      5.065986633300781,
      5.164139270782471,
      5.043779373168945,
      5.245755195617676,
      5.241734504699707,
      5.241679668426514,
      5.184487342834473,
      5.071804046630859,
      5.0438361167907715,
      5.093720436096191,
      5.002825736999512,
      5.126830101013184,
      4.991689682006836,
      5.081897735595703,
      5.107749938964844,
      5.109746932983398,
      5.100905418395996,
      5.284841060638428,
      5.282670021057129,
      5.050111293792725,
      5.178006172180176,
      5.061778545379639,
      5.241718769073486,
      5.184616565704346,
      5.221227645874023,
      5.286667823791504,
      5.281624794006348
    ],
    [
      4.172898292541504,
      4.809174060821533,
      4.949735641479492,
      5.316378116607666,
      5.22524356842041,
      5.681496620178223,
      6.426054954528809,
      6.366116523742676,
      6.092687129974365,
      6.22342586517334,
      6.169501304626465,
      6.026636123657227,
      5.895862579345703,
      5.883150100708008,
      6.156385898590088,
      6.029336929321289,
      6.069063186645508,
      5.982725143432617,
      6.018599510192871,
      5.913259506225586,
      6.240668296813965,
      6.121062278747559,
      6.05436897277832,
      6.092979431152344,
      5.982186794281006,
      5.950475215911865,
      5.94136905670166,
      6.071179389953613,
      5.940307140350342,
      5.940248489379883,
      5.959664344787598,
      6.069950103759766,
      5.867038726806641,
      5.933282852172852,
      6.114867210388184,
      5.915005207061768,
      5.955443382263184,
      5.809337615966797,
      5.956681728363037,
      5.973641395568848,
      5.846561431884766,
      5.977140426635742,
      5.94915771484375,
      6.026714324951172,
      5.955677509307861,
      5.893648147583008,
      6.034482002258301,
      5.765377998352051,
      6.049415588378906,
      6.0515336990356445,
      5.953167915344238,
      5.964729309082031,
      6.09028434753418,
      6.061981201171875,
      6.0683746337890625,
      6.000086784362793,
      5.9711151123046875,
      5.714449882507324,
      5.900814533233643,
      5.801299095153809,
      5.620451927185059,
      5.813983917236328,
      5.898248672485352,
      5.816620349884033,
      5.960272789001465,
      5.951508522033691,
      5.812141418457031,
      5.89434289932251,
      5.733673572540283,
      5.790698051452637,
      5.846433639526367,
      5.587985038757324,
      5.815511703491211,
      5.675982475280762,
      5.829766273498535,
      5.774325370788574,
      5.667159080505371,
      5.670389175415039,
      5.938424110412598,
      5.913547515869141,
      5.5197038650512695,
      5.756866931915283,
      5.7644195556640625,
      5.913779258728027,
      5.708565711975098,
      5.875032424926758,
      6.008893013000488,
      5.913451671600342
    ],
    [
      4.114776134490967,
      4.63834810256958,
      4.711732864379883,
      5.138130187988281,
      5.057318210601807,
      5.626711845397949,
      6.366116523742676,
      6.693866729736328,
      6.471837997436523,
      6.5831499099731445,
      6.450868129730225,
      6.326018333435059,
      6.238762855529785,
      6.222343444824219,
      6.4032087326049805,
      6.3461432456970215,
      6.4491071701049805,
      6.3524370193481445,
      6.375580310821533,
      6.221667289733887,
      6.578609466552734,
      6.467266082763672,
      6.365262985229492,
      6.404305458068848,
      6.293613433837891,
      6.297983169555664,
      6.320289611816406,
      6.423211097717285,
      6.274333953857422,
      6.296968460083008,
      6.377105712890625,
      6.474315643310547,
      6.258878707885742,
      6.34288215637207,
      6.462673664093018,
      6.317493438720703,
      6.416501998901367,
      6.267850875854492,
      6.374543190002441,
      6.34228515625,
      6.243288993835449,
      6.4266276359558105,
      6.367694854736328,
      6.452986717224121,
      6.361726760864258,
      6.301645278930664,
      6.408100128173828,
      6.15953254699707,
      6.426321983337402,
      6.391180038452148,
      6.258028984069824,
      6.303876876831055,
      6.386395454406738,
      6.338473796844482,
      6.358259677886963,
      6.315820693969727,
      6.327332496643066,
      6.060852527618408,
      6.227199554443359,
      6.115023612976074,
      5.944901943206787,
      6.168968200683594,
      6.21205997467041,
      6.141721725463867,
      6.304438591003418,
      6.289820671081543,
      6.146416664123535,
      6.245051383972168,
      6.112574577331543,
      6.182237148284912,
      6.211350440979004,
      5.927858352661133,
      6.156206130981445,
      6.084166526794434,
      6.197192192077637,
      6.156563758850098,
      6.052892684936523,
      6.054721832275391,
      6.231678009033203,
      6.107317924499512,
      5.731354713439941,
      6.021101951599121,
      6.041008949279785,
      6.231723308563232,
      6.043806552886963,
      6.178874969482422,
      6.327234268188477,
      6.205606460571289
    ],
    [
      4.073459625244141,
      4.499611854553223,
      4.641437530517578,
      5.02370548248291,
      4.960521697998047,
      5.380634784698486,
      6.092687129974365,
      6.471837997436523,
      6.511608123779297,
      6.559821128845215,
      6.371768951416016,
      6.280479431152344,
      6.246784210205078,
      6.165759086608887,
      6.327180862426758,
      6.328210830688477,
      6.346569061279297,
      6.246625900268555,
      6.240470886230469,
      6.131292343139648,
      6.414920806884766,
      6.367463111877441,
      6.269016742706299,
      6.321451187133789,
      6.1978983879089355,
      6.2170515060424805,
      6.285640716552734,
      6.335700988769531,
      6.180057048797607,
      6.188546180725098,
      6.269818305969238,
      6.347795486450195,
      6.104788780212402,
      6.19573974609375,
      6.314438819885254,
      6.221804141998291,
      6.313348770141602,
      6.1376237869262695,
      6.193832874298096,
      6.211675643920898,
      6.103132247924805,
      6.269991397857666,
      6.270330429077148,
      6.30095100402832,
      6.233433723449707,
      6.165580749511719,
      6.301201343536377,
      6.097738742828369,
      6.3553667068481445,
      6.306804656982422,
      6.194897651672363,
      6.196363925933838,
      6.22475004196167,
      6.224149227142334,
      6.229493141174316,
      6.200259208679199,
      6.172335147857666,
      5.900328636169434,
      5.993038177490234,
      5.947234153747559,
      5.780266761779785,
      5.959253787994385,
      6.070700645446777,
      6.000267028808594,
      6.182103157043457,
      6.180794715881348,
      6.018050193786621,
      6.034714698791504,
      5.9565348625183105,
      6.048379898071289,
      6.141656875610352,
      5.83303165435791,
      6.034113883972168,
      5.961231231689453,
      6.073360443115234,
      6.064858436584473,
      5.955502033233643,
      5.905251502990723,
      6.067235946655273,
      6.063472747802734,
      5.673821449279785,
      5.830853462219238,
      5.921327590942383,
      6.141517162322998,
      5.962028980255127,
      6.07258415222168,
      6.226673126220703,
      6.144458293914795
    ],
    [
      4.2051544189453125,
      4.590084075927734,
      4.676944732666016,
      5.138174533843994,
      5.173191070556641,
      5.655062675476074,
      6.22342586517334,
      6.5831499099731445,
      6.559821128845215,
      7.036403179168701,
      6.786273002624512,
      6.679893970489502,
      6.5990214347839355,
      6.608453750610352,
      6.767075538635254,
      6.7227888107299805,
      6.789112091064453,
      6.7232794761657715,
      6.659193515777588,
      6.562159061431885,
      6.8570356369018555,
      6.762368202209473,
      6.674313545227051,
      6.732117176055908,
      6.637165069580078,
      6.620608806610107,
      6.655935287475586,
      6.792736053466797,
      6.623974800109863,
      6.610297679901123,
      6.663308143615723,
      6.708477973937988,
      6.498661994934082,
      6.573951244354248,
      6.7546467781066895,
      6.621111869812012,
      6.715885639190674,
      6.596739768981934,
      6.619574546813965,
      6.5958638191223145,
      6.449042320251465,
      6.605371475219727,
      6.657679557800293,
      6.688928604125977,
      6.603290557861328,
      6.496403694152832,
      6.643757343292236,
      6.4182538986206055,
      6.618579387664795,
      6.569755554199219,
      6.49898099899292,
      6.523475170135498,
      6.546326637268066,
      6.497123718261719,
      6.539594650268555,
      6.504096508026123,
      6.4853081703186035,
      6.258376121520996,
      6.318716049194336,
      6.2307939529418945,
      6.156156539916992,
      6.320685863494873,
      6.452297210693359,
      6.370782852172852,
      6.506904602050781,
      6.5804057121276855,
      6.438708305358887,
      6.41409969329834,
      6.348435878753662,
      6.346004486083984,
      6.407581329345703,
      6.160924911499023,
      6.320323944091797,
      6.235086917877197,
      6.358263969421387,
      6.335518836975098,
      6.261353015899658,
      6.239924430847168,
      6.350213050842285,
      6.231660842895508,
      5.884603500366211,
      6.1033477783203125,
      6.174745082855225,
      6.366833686828613,
      6.254276275634766,
      6.3232293128967285,
      6.479959487915039,
      6.381888389587402
    ],
    [
      4.489574909210205,
      4.696704864501953,
      4.791166305541992,
      5.284614086151123,
      5.201193332672119,
      5.611851692199707,
      6.169501304626465,
      6.450868129730225,
      6.371768951416016,
      6.786273002624512,
      7.111720561981201,
      6.836050987243652,
      6.669610977172852,
      6.589601516723633,
      6.859747886657715,
      6.840366363525391,
      6.879716873168945,
      6.730771064758301,
      6.7248005867004395,
      6.612778663635254,
      7.028852939605713,
      6.8962507247924805,
      6.852804183959961,
      6.835649490356445,
      6.677031517028809,
      6.7144975662231445,
      6.789636611938477,
      6.864583969116211,
      6.687714576721191,
      6.704850196838379,
      6.725799083709717,
      6.749683380126953,
      6.515602111816406,
      6.553920745849609,
      6.766404151916504,
      6.56472110748291,
      6.663849830627441,
      6.558992385864258,
      6.632026672363281,
      6.647993564605713,
      6.478208541870117,
      6.689783096313477,
      6.63301944732666,
      6.660867691040039,
      6.7050557136535645,
      6.585773468017578,
      6.691442489624023,
      6.512690544128418,
      6.717548370361328,
      6.6576104164123535,
      6.63325309753418,
      6.573466777801514,
      6.629591941833496,
      6.6155500411987305,
      6.6862101554870605,
      6.730592250823975,
      6.626742362976074,
      6.390655517578125,
      6.546597480773926,
      6.4060587882995605,
      6.249553680419922,
      6.541313171386719,
      6.584321975708008,
      6.517070770263672,
      6.598269939422607,
      6.589346408843994,
      6.489730358123779,
      6.614283561706543,
      6.519848823547363,
      6.566997528076172,
      6.572448253631592,
      6.243302345275879,
      6.465996742248535,
      6.377361297607422,
      6.509408950805664,
      6.408429145812988,
      6.304635047912598,
      6.329090118408203,
      6.469210624694824,
      6.388247013092041,
      5.949358940124512,
      6.198770523071289,
      6.303254127502441,
      6.513918876647949,
      6.282820701599121,
      6.392470836639404,
      6.5824360847473145,
      6.4662933349609375
    ],
    [
      4.3577656745910645,
      4.530520915985107,
      4.610307693481445,
      5.037729263305664,
      4.933554172515869,
      5.391415596008301,
      6.026636123657227,
      6.326018333435059,
      6.280479431152344,
      6.679893970489502,
      6.836050987243652,
      6.849330902099609,
      6.66634464263916,
      6.627190589904785,
      6.8077569007873535,
      6.718235969543457,
      6.743610382080078,
      6.648383140563965,
      6.644156455993652,
      6.529019355773926,
      6.86545467376709,
      6.719303131103516,
      6.64341926574707,
      6.663613319396973,
      6.560675144195557,
      6.585745334625244,
      6.6487555503845215,
      6.759735107421875,
      6.63478946685791,
      6.591144561767578,
      6.55308723449707,
      6.612367630004883,
      6.412805080413818,
      6.426383972167969,
      6.61896276473999,
      6.414555549621582,
      6.487273216247559,
      6.398118019104004,
      6.474184513092041,
      6.4459228515625,
      6.308063507080078,
      6.505135536193848,
      6.537395000457764,
      6.60188102722168,
      6.530381679534912,
      6.416766166687012,
      6.534319877624512,
      6.396090507507324,
      6.5616374015808105,
      6.510252952575684,
      6.485395908355713,
      6.455576419830322,
      6.468930244445801,
      6.4591755867004395,
      6.560433864593506,
      6.580513954162598,
      6.509250640869141,
      6.273581504821777,
      6.390154838562012,
      6.28377628326416,
      6.132335186004639,
      6.343647003173828,
      6.456387996673584,
      6.354409694671631,
      6.510560035705566,
      6.538443088531494,
      6.408583164215088,
      6.491528034210205,
      6.392544746398926,
      6.404813766479492,
      6.447597503662109,
      6.138402938842773,
      6.333272933959961,
      6.2477569580078125,
      6.3630828857421875,
      6.283897876739502,
      6.166662693023682,
      6.1986002922058105,
      6.287779808044434,
      6.095761299133301,
      5.672228813171387,
      6.005936622619629,
      6.113997459411621,
      6.287895202636719,
      6.103418350219727,
      6.213418960571289,
      6.408666610717773,
      6.297143936157227
    ],
    [
      4.241191864013672,
      4.466722011566162,
      4.599787712097168,
      4.986721992492676,
      4.8463640213012695,
      5.28462028503418,
      5.895862579345703,
      6.238762855529785,
      6.246784210205078,
      6.5990214347839355,
      6.669610977172852,
      6.66634464263916,
      6.7883830070495605,
      6.659965515136719,
      6.804623603820801,
      6.7029924392700195,
      6.6939520835876465,
      6.58322811126709,
      6.5946807861328125,
      6.455504894256592,
      6.734952926635742,
      6.607178688049316,
      6.5207414627075195,
      6.575920104980469,
      6.495099067687988,
      6.491425514221191,
      6.584587097167969,
      6.684349060058594,
      6.557051658630371,
      6.516121864318848,
      6.473072052001953,
      6.505852699279785,
      6.2758588790893555,
      6.309426784515381,
      6.503493309020996,
      6.376816749572754,
      6.425341606140137,
      6.29388427734375,
      6.3747148513793945,
      6.334307670593262,
      6.185467720031738,
      6.359394550323486,
      6.447696208953857,
      6.465549468994141,
      6.410252571105957,
      6.2845869064331055,
      6.400859832763672,
      6.241397857666016,
      6.456186771392822,
      6.405622482299805,
      6.3659796714782715,
      6.398440361022949,
      6.395398139953613,
      6.423882007598877,
      6.425434589385986,
      6.446483612060547,
      6.425280570983887,
      6.176078796386719,
      6.227115154266357,
      6.14138650894165,
      6.022824287414551,
      6.253632545471191,
      6.356564521789551,
      6.250062942504883,
      6.407430648803711,
      6.476081848144531,
      6.328500270843506,
      6.339620590209961,
      6.265519618988037,
      6.283898830413818,
      6.365850448608398,
      6.03663969039917,
      6.210646629333496,
      6.157526016235352,
      6.246016025543213,
      6.194441795349121,
      6.098265647888184,
      6.140563011169434,
      6.162224292755127,
      5.990632057189941,
      5.60292911529541,
      5.9115705490112305,
      5.977779865264893,
      6.146722793579102,
      5.996590614318848,
      6.127382755279541,
      6.282436847686768,
      6.213537216186523
    ],
    [
      4.077487468719482,
      4.307164192199707,
      4.453269958496094,
      4.912050247192383,
      4.871681213378906,
      5.343064785003662,
      5.883150100708008,
      6.222343444824219,
      6.165759086608887,
      6.608453750610352,
      6.589601516723633,
      6.627190589904785,
      6.659965515136719,
      6.66905403137207,
      6.8125200271606445,
      6.639228820800781,
      6.651645660400391,
      6.5516357421875,
      6.564100742340088,
      6.456241130828857,
      6.7372331619262695,
      6.545243740081787,
      6.490076065063477,
      6.573599815368652,
      6.5342817306518555,
      6.513584136962891,
      6.512744903564453,
      6.643870830535889,
      6.480960369110107,
      6.4394683837890625,
      6.390802383422852,
      6.456407070159912,
      6.242368221282959,
      6.307303428649902,
      6.448665618896484,
      6.304196357727051,
      6.39276123046875,
      6.2879638671875,
      6.400589942932129,
      6.276190757751465,
      6.090985298156738,
      6.272252082824707,
      6.404385089874268,
      6.4281721115112305,
      6.3501200675964355,
      6.20035457611084,
      6.327822685241699,
      6.158664703369141,
      6.38297176361084,
      6.3231658935546875,
      6.302290439605713,
      6.322986602783203,
      6.303528785705566,
      6.30444860458374,
      6.336904525756836,
      6.35943603515625,
      6.380194664001465,
      6.201805591583252,
      6.243170261383057,
      6.115750312805176,
      6.008486747741699,
      6.244783401489258,
      6.3340277671813965,
      6.18804931640625,
      6.341583728790283,
      6.409237861633301,
      6.290797233581543,
      6.355808258056641,
      6.27747106552124,
      6.25443172454834,
      6.312455177307129,
      6.008125305175781,
      6.276521682739258,
      6.1282758712768555,
      6.237544536590576,
      6.162296295166016,
      6.067139625549316,
      6.1429290771484375,
      6.138063907623291,
      5.87787389755249,
      5.502569198608398,
      5.912166595458984,
      5.905831336975098,
      6.069523811340332,
      5.913083076477051,
      6.119926929473877,
      6.211757659912109,
      6.13817834854126
    ],
    [
      3.9585325717926025,
      4.369622230529785,
      4.502041339874268,
      5.012923717498779,
      4.891040325164795,
      5.391735076904297,
      6.156385898590088,
      6.4032087326049805,
      6.327180862426758,
      6.767075538635254,
      6.859747886657715,
      6.8077569007873535,
      6.804623603820801,
      6.8125200271606445,
      7.21550178527832,
      7.040102481842041,
      7.009033203125,
      6.841862678527832,
      6.889378070831299,
      6.725668907165527,
      7.138339042663574,
      6.941335678100586,
      6.866887092590332,
      6.89830207824707,
      6.749417781829834,
      6.758913993835449,
      6.785452842712402,
      6.867269515991211,
      6.731305122375488,
      6.687374591827393,
      6.663679122924805,
      6.789437294006348,
      6.4923505783081055,
      6.574878215789795,
      6.879816055297852,
      6.670621871948242,
      6.704612731933594,
      6.527015686035156,
      6.652801990509033,
      6.650018692016602,
      6.456097602844238,
      6.649662017822266,
      6.7208428382873535,
      6.768024444580078,
      6.698290824890137,
      6.539514541625977,
      6.692062854766846,
      6.476912498474121,
      6.704771041870117,
      6.678587436676025,
      6.644021987915039,
      6.656012058258057,
      6.655477523803711,
      6.665051460266113,
      6.724329471588135,
      6.725940227508545,
      6.72719669342041,
      6.430970191955566,
      6.536192893981934,
      6.497548580169678,
      6.323276519775391,
      6.592747211456299,
      6.718173027038574,
      6.564029693603516,
      6.644676685333252,
      6.703195571899414,
      6.542587757110596,
      6.666007041931152,
      6.5789594650268555,
      6.6139349937438965,
      6.630673885345459,
      6.2917890548706055,
      6.575258255004883,
      6.459561347961426,
      6.600192546844482,
      6.524129867553711,
      6.355971336364746,
      6.346066951751709,
      6.470860481262207,
