{
  "ap": [
    2.0020291805267334,
    6.5076375007629395,
    6.6660614013671875,
    6.599879264831543,
    6.499838829040527,
    6.5980939865112305,
    6.401315212249756,
    6.3873820304870605,
    6.365215301513672,
    6.249910831451416,
    6.498570442199707,
    6.499606132507324,
    6.502044200897217,
    6.56593132019043,
    6.423395156860352,
    6.310050010681152,
    6.338983058929443,
    6.533295154571533,
    6.7711501121521,
    6.634549617767334,
    6.587954044342041,
    6.422954082489014,
    6.5185322761535645,
    6.372200965881348,
    6.298935413360596,
    6.53720235824585,
    6.588586807250977,
    6.51771354675293,
    6.4909844398498535,
    6.5341596603393555,
    6.520023345947266,
    6.6015753746032715,
    6.735019683837891,
    6.5825395584106445,
    6.687973499298096,
    6.545586585998535,
    6.652405261993408,
    6.632917404174805,
    6.6352009773254395,
    6.644128322601318,
    6.781430244445801,
    6.610174179077148,
    6.614995002746582,
    6.635190010070801,
    6.680435657501221,
    6.589034557342529,
    6.611675262451172,
    6.634490489959717,
    6.537360191345215,
    6.537240505218506,
    6.573477268218994
  ],
  "ape": [
    3.828519105911255,
    3.8912315368652344,
    3.8912956714630127,
    3.8912971019744873,
    3.8912692070007324,
    3.8914217948913574,
    3.8914036750793457,
    3.891423463821411,
    3.8913815021514893,
    3.891442060470581,
    3.8914337158203125,
    3.891284465789795,
    3.8913776874542236,
    3.8915178775787354,
    3.8916049003601074,
    3.891444206237793,
    3.8911781311035156,
    3.8912148475646973,
    3.891456365585327,
    3.891437292098999,
    3.8914294242858887,
    3.891444206237793,
    3.89145565032959,
    3.891582727432251,
    3.891535758972168,
    3.8913347721099854,
    3.8913495540618896,
    3.891249179840088,
    3.891191005706787,
    3.8914284706115723,
    3.8915135860443115,
    3.891386032104492,
    3.8912737369537354,
    3.8911492824554443,
    3.8911237716674805,
    3.8910281658172607,
    3.890883207321167,
    3.8910789489746094,
    3.8911495208740234,
    3.890993356704712,
    3.8910133838653564,
    3.890821695327759,
    3.8907620906829834,
    3.890655279159546,
    3.890720844268799,
    3.8904573917388916,
    3.8904507160186768,
    3.890840768814087,
    3.8907203674316406,
    3.890908718109131,
    3.891101598739624
  ],
  "char_spans": [
    [
      0,
      5
    ],
    [
      5,
      11
    ],
    [
      11,
      17
    ],
    [
      17,
      21
    ],
    [
      21,
      26
    ],
    [
      26,
      27
    ],
    [
      27,
      39
    ],
    [
      39,
      50
    ],
    [
      50,
      55
    ],
    [
      55,
      56
    ],
    [
      56,
      60
    ],
    [
      60,
      63
    ],
    [
      63,
      71
    ],
    [
      71,
      78
    ],
    [
      78,
      81
    ],
    [
      81,
      84
    ],
    [
      84,
      86
    ],
    [
      86,
      91
    ],
    [
      91,
      94
    ],
    [
      94,
      101
    ],
    [
      101,
      104
    ],
    [
      104,
      111
    ],
    [
      111,
      117
    ],
    [
      117,
      124
    ],
    [
      124,
      125
    ],
    [
      125,
      128
    ],
    [
      128,
      133
    ],
    [
      133,
      136
    ],
    [
      136,
      142
    ],
    [
      142,
      149
    ],
    [
      149,
      150
    ],
    [
      150,
      155
    ],
    [
      155,
      161
    ],
    [
      161,
      163
    ],
    [
      163,
      166
    ],
    [
      166,
      168
    ],
    [
      168,
      171
    ],
    [
      171,
      178
    ],
    [
      178,
      184
    ],
    [
      184,
      186
    ],
    [
      186,
      192
    ],
    [
      192,
      194
    ],
    [
      194,
      199
    ],
    [
      199,
      202
    ],
    [
      202,
      208
    ],
    [
      208,
      210
    ],
    [
      210,
      213
    ],
    [
      213,
      216
    ],
    [
      216,
      224
    ],
    [
      224,
      234
    ],
    [
      234,
      235
    ]
  ],
  "matrix": [
    [
      4.990295886993408,
      2.4136509895324707,
      2.290041446685791,
      2.1344356536865234,
      2.0816543102264404,
      1.8971067667007446,
      1.9000694751739502,
      1.952919363975525,
      1.8942675590515137,
      1.7379831075668335,
      1.7945979833602905,
      1.8765537738800049,
      2.007791757583618,
      1.8617045879364014,
      1.7428655624389648,
      1.5213972330093384,
      1.892557144165039,
      2.2468819618225098,
      2.0204224586486816,
      2.0081706047058105,
      1.9869873523712158,
      1.9983476400375366,
      2.040848731994629,
      2.159588098526001,
      1.8247997760772705,
      1.9453978538513184,
      2.19912052154541,
      2.043386936187744,
      1.999804973602295,
      2.0674848556518555,
      1.7854416370391846,
      2.0145368576049805,
      1.9036955833435059,
      1.8137761354446411,
      1.775165319442749,
      1.664353847503662,
      1.9437077045440674,
      1.9379576444625854,
      1.9684829711914062,
      1.9398573637008667,
      1.9762698411941528,
      1.966926097869873,
      2.130971670150757,
      2.055234670639038,
      2.322188138961792,
      2.344900131225586,
      2.241560459136963,
      2.220541477203369,
      2.314457416534424,
      2.2522664070129395,
      1.988324522972107
    ],
    [
      2.4136509895324707,
      7.257284641265869,
      7.104305267333984,
      6.876257419586182,
      6.704280853271484,
      6.791756629943848,
      6.441205978393555,
      6.441829681396484,
      6.491392135620117,
      6.365814208984375,
      6.554226875305176,
      6.541214942932129,
      6.567708969116211,
      6.636007785797119,
      6.444548606872559,
      6.331701278686523,
      6.369668960571289,
      6.632798671722412,
      6.80324125289917,
      6.744380950927734,
      6.612184047698975,
      6.3892974853515625,
      6.500478744506836,
      6.389805793762207,
      6.375866889953613,
      6.60350227355957,
      6.687671661376953,
      6.575246334075928,
      6.5215044021606445,
      6.551606178283691,
      6.520905494689941,
      6.683917045593262,
      6.784910202026367,
      6.604367733001709,
      6.729670524597168,
      6.578324317932129,
      6.674159049987793,
      6.662288665771484,
      6.598487854003906,
      6.596749305725098,
      6.783333778381348,
      6.59541130065918,
      6.603316783905029,
      6.6083879470825195,
      6.65069580078125,
      6.5617876052856445,
      6.529339790344238,
      6.5540924072265625,
      6.4802141189575195,
      6.5286760330200195,
      6.589659690856934
    ],
    [
      2.290041446685791,
      7.104305267333984,
      7.287850379943848,
      7.056443214416504,
      6.885676383972168,
      6.921212673187256,
      6.633136749267578,
      6.657190322875977,
      6.656496047973633,
      6.541739463806152,
      6.73004150390625,
      6.764609336853027,
      6.780009746551514,
      6.825741767883301,
      6.60518741607666,
      6.414703369140625,
      6.457033157348633,
      6.7338714599609375,
      6.990052700042725,
      6.932412147521973,
      6.8053483963012695,
      6.6405839920043945,
      6.7501301765441895,
      6.525650978088379,
      6.439336776733398,
      6.729562759399414,
      6.853882789611816,
      6.756256103515625,
      6.769075393676758,
      6.739056587219238,
      6.67793083190918,
      6.870767116546631,
      6.982407569885254,
      6.767093658447266,
      6.822293281555176,
      6.67754602432251,
      6.796919822692871,
      6.820064067840576,
      6.834610939025879,
      6.762412071228027,
      6.937157154083252,
      6.775201797485352,
      6.80848503112793,
      6.798493385314941,
      6.8761796951293945,
      6.720721244812012,
      6.725454807281494,
      6.728063583374023,
      6.648871421813965,
      6.645632743835449,
      6.637956142425537
    ],
    [
      2.1344356536865234,
      6.876257419586182,
      7.056443214416504,
      7.044132232666016,
      6.890448570251465,
      6.9135332107543945,
      6.642318248748779,
      6.656510829925537,
      6.640415668487549,
      6.4781341552734375,
      6.760957717895508,
      6.769062042236328,
      6.753291130065918,
      6.7943549156188965,
      6.568098068237305,
      6.362945556640625,
      6.386031627655029,
      6.651419639587402,
      6.974480628967285,
      6.879117965698242,
      6.737615585327148,
      6.5659332275390625,
      6.6683478355407715,
      6.4575910568237305,
      6.341483116149902,
      6.652593612670898,
      6.775398254394531,
      6.714382171630859,
      6.706108093261719,
      6.6732330322265625,
      6.596990585327148,
      6.785574436187744,
      6.909903049468994,
      6.720097541809082,
      6.699502468109131,
      6.5983381271362305,
      6.7077412605285645,
      6.749476909637451,
      6.745691299438477,
      6.6967010498046875,
      6.858668327331543,
      6.686293125152588,
      6.701848030090332,
      6.695075035095215,
      6.766934394836426,
      6.629550457000732,
      6.654295921325684,
      6.68554162979126,
      6.565357685089111,
      6.551568031311035,
      6.5078582763671875
    ],
    [
      2.0816543102264404,
      6.704280853271484,
      6.885676383972168,
      6.890448570251465,
      6.898752212524414,
      6.912423610687256,
      6.630983352661133,
      6.622701644897461,
      6.618980407714844,
      6.4452009201049805,
      6.720633506774902,
      6.756988525390625,
      6.724015712738037,
      6.725581169128418,
      6.522472381591797,
      6.228148460388184,
      6.228899955749512,
      6.46191930770874,
      6.834503173828125,
      6.723204135894775,
      6.624102592468262,
      6.483879089355469,
      6.615426063537598,
      6.403875350952148,
      6.247528076171875,
      6.496800422668457,
      6.641385078430176,
      6.586685657501221,
      6.5755228996276855,
      6.6038737297058105,
      6.545680046081543,
      6.671568870544434,
      6.793302059173584,
      6.588252544403076,
      6.5508623123168945,
      6.437467575073242,
      6.550920486450195,
      6.58959436416626,
      6.625117301940918,
      6.593194007873535,
      6.712947368621826,
      6.545391082763672,
      6.55281925201416,
      6.543789863586426,
      6.648896217346191,
      6.5072431564331055,
      6.53408145904541,
      6.602271556854248,
      6.479890823364258,
      6.4755144119262695,
      6.445319175720215
    ],
    [
      1.8971067667007446,
      6.791756629943848,
      6.921212673187256,
      6.9135332107543945,
      6.912423610687256,
      7.239589691162109,
      6.817543029785156,
      6.752148628234863,
      6.777327537536621,
      6.68556547164917,
      6.911830902099609,
      6.929915428161621,
      6.900635719299316,
      6.900058269500732,
      6.7950310707092285,
      6.468981742858887,
      6.365103721618652,
      6.557599067687988,
      6.929581642150879,
      6.812175750732422,
      6.719086647033691,
      6.612760543823242,
      6.715039253234863,
      6.576949119567871,
      6.486382484436035,
      6.630862236022949,
      6.735103130340576,
      6.6218037605285645,
      6.601527214050293,
      6.71586275100708,
      6.703084945678711,
      6.739345550537109,
      6.806873798370361,
      6.639913558959961,
      6.7030463218688965,
      6.559707164764404,
      6.623832702636719,
      6.638945579528809,
      6.671104431152344,
      6.662982940673828,
      6.764505386352539,
      6.592490196228027,
      6.574908256530762,
      6.6031694412231445,
      6.6821184158325195,
      6.512670516967773,
      6.4954833984375,
      6.6423540115356445,
      6.544411659240723,
      6.623442649841309,
      6.665369987487793
    ],
    [
      1.9000694751739502,
      6.441205978393555,
      6.633136749267578,
      6.642318248748779,
      6.630983352661133,
      6.817543029785156,
      6.739444255828857,
      6.653955459594727,
      6.576331615447998,
      6.503693580627441,
      6.680164337158203,
      6.681596755981445,
      6.665234088897705,
      6.710816383361816,
      6.56178092956543,
      6.300084114074707,
      6.1668243408203125,
      6.379433631896973,
      6.750649929046631,
      6.638335227966309,
      6.53050422668457,
      6.3787736892700195,
      6.52301025390625,
      6.369680404663086,
      6.274063587188721,
      6.430810451507568,
      6.549485206604004,
      6.420012950897217,
      6.395841598510742,
      6.493290424346924,
      6.497579574584961,
      6.512617111206055,
      6.619513034820557,
      6.4427924156188965,
      6.487795829772949,
      6.345415115356445,
      6.442997932434082,
      6.468588829040527,
      6.525881767272949,
      6.460227012634277,
      6.592316150665283,
      6.412995338439941,
      6.39260196685791,
      6.373335361480713,
      6.435037612915039,
      6.3105340003967285,
      6.370477676391602,
      6.464907646179199,
      6.384641647338867,
      6.402772903442383,
      6.423110008239746
    ],
    [
      1.952919363975525,
      6.441829681396484,
      6.657190322875977,
      6.656510829925537,
      6.622701644897461,
      6.752148628234863,
      6.653955459594727,
      6.687248706817627,
      6.58028507232666,
      6.430466651916504,
      6.64078950881958,
      6.617402076721191,
      6.621502876281738,
      6.662689685821533,
      6.439872741699219,
      6.2188801765441895,
      6.162425994873047,
      6.36086368560791,
      6.689811706542969,
      6.603822231292725,
      6.505284309387207,
      6.412825584411621,
      6.545490264892578,
      6.337924003601074,
      6.183980464935303,
      6.393770694732666,
      6.49554443359375,
      6.397475242614746,
      6.3576459884643555,
      6.4427947998046875,
      6.391262054443359,
      6.490959167480469,
      6.596987724304199,
      6.430887222290039,
      6.455804824829102,
      6.338871002197266,
      6.4688825607299805,
      6.486610412597656,
      6.507060527801514,
      6.463533401489258,
      6.60123872756958,
      6.440441131591797,
      6.443879127502441,
      6.414422512054443,
      6.516468048095703,
      6.393182754516602,
      6.445774078369141,
      6.476161003112793,
      6.4008331298828125,
      6.403414726257324,
      6.363658428192139
    ],
    [
      1.8942675590515137,
      6.491392135620117,
      6.656496047973633,
      6.640415668487549,
      6.618980407714844,
      6.777327537536621,
      6.576331615447998,
      6.58028507232666,
      6.602483749389648,
      6.4637556076049805,
      6.632847309112549,
      6.624093055725098,
      6.629983425140381,
      6.647574424743652,
      6.439792633056641,
      6.151424407958984,
      6.117403030395508,
      6.31561279296875,
      6.661738395690918,
      6.5860724449157715,
      6.487895488739014,
      6.393083095550537,
      6.496430397033691,
      6.341162204742432,
      6.197412490844727,
      6.32992696762085,
      6.470161437988281,
      6.362248420715332,
      6.344982147216797,
      6.476100921630859,
      6.432778835296631,
      6.4850029945373535,
      6.5748796463012695,
      6.391463279724121,
      6.405306339263916,
      6.250059127807617,
      6.398215293884277,
      6.4510650634765625,
      6.461947441101074,
      6.4212965965271,
      6.555881500244141,
      6.4187703132629395,
      6.418956279754639,
      6.40235710144043,
      6.477048397064209,
      6.348134994506836,
      6.365992546081543,
      6.444353103637695,
      6.379343032836914,
      6.398578643798828,
      6.374137878417969
    ],
    [
      1.7379831075668335,
      6.365814208984375,
      6.541739463806152,
      6.4781341552734375,
      6.4452009201049805,
      6.68556547164917,
      6.503693580627441,
      6.430466651916504,
      6.4637556076049805,
      6.427764415740967,
      6.575457572937012,
      6.471477508544922,
      6.525024890899658,
      6.488409996032715,
      6.357510566711426,
      6.138309955596924,
      6.018072605133057,
      6.215313911437988,
      6.555968284606934,
      6.440848350524902,
      6.367242813110352,
      6.263471603393555,
      6.355958461761475,
      6.280604839324951,
      6.201939582824707,
      6.321495532989502,
      6.367815017700195,
      6.243349075317383,
      6.203855514526367,
      6.3702826499938965,
      6.356657981872559,
      6.388766765594482,
      6.409348487854004,
      6.187518119812012,
      6.292444229125977,
      6.18060302734375,
      6.2537641525268555,
      6.27255916595459,
      6.329445838928223,
      6.274349689483643,
      6.385937690734863,
      6.245450973510742,
      6.2670793533325195,
      6.268461227416992,
      6.346247673034668,
      6.195516586303711,
      6.237608909606934,
      6.329220771789551,
      6.244049549102783,
      6.278805732727051,
      6.336948394775391
    ],
    [
      1.7945979833602905,
      6.554226875305176,
      6.73004150390625,
      6.760957717895508,
      6.720633506774902,
      6.911830902099609,
      6.680164337158203,
      6.64078950881958,
      6.632847309112549,
      6.575457572937012,
      7.0048041343688965,
      6.968343734741211,
      6.836798667907715,
      6.744779586791992,
      6.624170303344727,
      6.374950885772705,
      6.352519512176514,
      6.498061656951904,
      6.8538079261779785,
      6.6829938888549805,
      6.665461540222168,
      6.429567337036133,
      6.53248405456543,
      6.371511459350586,
      6.315460205078125,
      6.552835464477539,
      6.647276878356934,
      6.598060131072998,
      6.482311248779297,
      6.562556266784668,
      6.600689888000488,
      6.630060195922852,
      6.708027362823486,
      6.542180061340332,
      6.608695030212402,
      6.5119428634643555,
      6.556011199951172,
      6.515983581542969,
      6.584636688232422,
      6.572910308837891,
      6.677919387817383,
      6.5084452629089355,
      6.51866340637207,
      6.547733306884766,
      6.645689964294434,
      6.508986473083496,
      6.549067497253418,
      6.597424030303955,
      6.469493389129639,
      6.463653087615967,
      6.5148162841796875
    ],
    [
      1.8765537738800049,
      6.541214942932129,
      6.764609336853027,
      6.769062042236328,
      6.756988525390625,
      6.929915428161621,
      6.681596755981445,
      6.617402076721191,
      6.624093055725098,
      6.471477508544922,
      6.968343734741211,
      7.070619583129883,
      6.854888916015625,
      6.758686065673828,
      6.55396032333374,
      6.265324592590332,
      6.2928900718688965,
      6.448184967041016,
      6.864236831665039,
      6.731680870056152,
      6.664486885070801,
      6.517335891723633,
      6.573795318603516,
      6.373754024505615,
      6.176729202270508,
      6.504457473754883,
      6.6955366134643555,
      6.651793479919434,
      6.534337043762207,
      6.564657688140869,
      6.500899314880371,
      6.6354780197143555,
      6.7319135665893555,
      6.5732903480529785,
      6.5041399002075195,
      6.500173568725586,
      6.575656414031982,
      6.551443576812744,
      6.572968482971191,
      6.582557678222656,
      6.687744140625,
      6.53549861907959,
      6.561244010925293,
      6.610539436340332,
      6.673328876495361,
      6.517726898193359,
      6.584070682525635,
      6.659292221069336,
      6.480967044830322,
      6.490838527679443,
      6.42255973815918
    ],
    [
      2.007791757583618,
      6.567708969116211,
      6.780009746551514,
      6.753291130065918,
      6.724015712738037,
      6.900635719299316,
      6.665234088897705,
      6.621502876281738,
      6.629983425140381,
      6.525024890899658,
      6.836798667907715,
      6.854888916015625,
      6.8909430503845215,
      6.8205108642578125,
      6.608203887939453,
      6.2451701164245605,
      6.248420238494873,
      6.452463626861572,
      6.778448104858398,
      6.690596580505371,
      6.604959011077881,
      6.4673261642456055,
      6.59633731842041,
      6.456254005432129,
      6.30290412902832,
      6.491072654724121,
      6.6583709716796875,
      6.561358451843262,
      6.513302803039551,
      6.637969017028809,
      6.606279373168945,
      6.605347633361816,
      6.735925674438477,
      6.561725616455078,
      6.580984115600586,
      6.431795120239258,
      6.553710460662842,
      6.570513725280762,
      6.635362148284912,
      6.593615531921387,
      6.702996730804443,
      6.546051979064941,
      6.585819244384766,
      6.555291175842285,
      6.618992805480957,
      6.4796857833862305,
      6.538295745849609,
      6.621555805206299,
      6.510109901428223,
      6.5290679931640625,
      6.5385541915893555
    ],
    [
      1.8617045879364014,
      6.636007785797119,
      6.825741767883301,
      6.7943549156188965,
      6.725581169128418,
      6.900058269500732,
      6.710816383361816,
      6.662689685821533,
      6.647574424743652,
      6.488409996032715,
      6.744779586791992,
      6.758686065673828,
      6.8205108642578125,
      6.994650840759277,
      6.708749294281006,
      6.3852691650390625,
      6.383973598480225,
      6.603102684020996,
      6.905602931976318,
      6.811077117919922,
      6.718750476837158,
      6.578953742980957,
      6.666304111480713,
      6.513399600982666,
      6.373065948486328,
      6.6065874099731445,
      6.729419708251953,
      6.631528377532959,
      6.608246803283691,
      6.662895679473877,
      6.5947465896606445,
      6.652246475219727,
      6.859930515289307,
      6.697929382324219,
      6.675846576690674,
      6.487947940826416,
      6.6587371826171875,
      6.6968183517456055,
      6.72554874420166,
      6.675286769866943,
      6.834367752075195,
      6.6459455490112305,
      6.658205509185791,
      6.629802703857422,
      6.6777472496032715,
      6.568375587463379,
      6.6156511306762695,
      6.647144317626953,
      6.575791358947754,
      6.625485420227051,
      6.629158973693848
    ],
    [
      1.7428655624389648,
      6.444548606872559,
      6.60518741607666,
      6.568098068237305,
      6.522472381591797,
      6.7950310707092285,
      6.56178092956543,
      6.439872741699219,
      6.439792633056641,
      6.357510566711426,
      6.624170303344727,
      6.55396032333374,
      6.608203887939453,
      6.708749294281006,
      6.757241725921631,
      6.490627288818359,
      6.406102180480957,
      6.545771598815918,
      6.762565612792969,
      6.633335113525391,
      6.55413818359375,
      6.416792869567871,
      6.457557201385498,
      6.46993350982666,
      6.470141410827637,
      6.5673604011535645,
      6.559751510620117,
      6.457842826843262,
      6.401222229003906,
      6.5171709060668945,
      6.523887634277344,
      6.593379497528076,
      6.666227340698242,
      6.508568286895752,
      6.649892807006836,
      6.525110244750977,
      6.587969779968262,
      6.511207103729248,
      6.484882831573486,
      6.508185386657715,
      6.589337348937988,
      6.384722709655762,
      6.377403259277344,
      6.390316963195801,
      6.463200569152832,
      6.39572811126709,
      6.4049882888793945,
      6.4741668701171875,
      6.389355182647705,
      6.472539901733398,
      6.586141586303711
    ],
    [
      1.5213972330093384,
      6.331701278686523,
      6.414703369140625,
      6.362945556640625,
      6.228148460388184,
      6.468981742858887,
      6.300084114074707,
      6.2188801765441895,
      6.151424407958984,
      6.138309955596924,
      6.374950885772705,
      6.265324592590332,
      6.2451701164245605,
      6.3852691650390625,
      6.490627288818359,
      6.661041259765625,
      6.486512184143066,
      6.554834842681885,
      6.685930252075195,
      6.486331939697266,
      6.444451808929443,
      6.199374198913574,
      6.275891304016113,
      6.24575662612915,
      6.388581275939941,
      6.512960433959961,
      6.475034236907959,
      6.394026756286621,
      6.327780723571777,
      6.31573486328125,
      6.411070823669434,
      6.503166198730469,
      6.636065483093262,
      6.486111640930176,
      6.762372016906738,
      6.560902118682861,
      6.601485252380371,
      6.509240627288818,
      6.42838716506958,
      6.499318599700928,
      6.6366376876831055,
      6.412508010864258,
      6.350212097167969,
      6.381073951721191,
      6.397647857666016,
      6.370373725891113,
      6.357846260070801,
      6.377978324890137,
      6.283486843109131,
      6.3339433670043945,
      6.51155424118042
    ],
    [
      1.892557144165039,
      6.369668960571289,
      6.457033157348633,
      6.386031627655029,
      6.228899955749512,
      6.365103721618652,
      6.1668243408203125,
      6.162425994873047,
      6.117403030395508,
      6.018072605133057,
      6.352519512176514,
      6.2928900718688965,
      6.248420238494873,
      6.383973598480225,
      6.406102180480957,
      6.486512184143066,
      6.607253074645996,
      6.676144599914551,
      6.705754280090332,
      6.508914947509766,
      6.485983371734619,
      6.229710102081299,
      6.268702507019043,
      6.2397637367248535,
      6.31220006942749,
      6.499734878540039,
      6.473903656005859,
      6.4292144775390625,
      6.306817054748535,
      6.326458930969238,
      6.360167980194092,
      6.504542827606201,
      6.654594421386719,
      6.532000541687012,
      6.735585689544678,
      6.600809097290039,
      6.755857467651367,
      6.615144729614258,
      6.491203308105469,
      6.553633689880371,
      6.725625991821289,
      6.480315208435059,
      6.439196586608887,
      6.469930171966553,
      6.492305278778076,
      6.501228332519531,
      6.48397970199585,
      6.433781147003174,
      6.360030174255371,
      6.415878772735596,
      6.5456037521362305
    ],
    [
      2.2468819618225098,
      6.632798671722412,
      6.7338714599609375,
      6.651419639587402,
      6.46191930770874,
      6.557599067687988,
      6.379433631896973,
      6.36086368560791,
      6.31561279296875,
      6.215313911437988,
      6.498061656951904,
      6.448184967041016,
      6.452463626861572,
      6.603102684020996,
      6.545771598815918,
      6.554834842681885,
      6.676144599914551,
      6.876736640930176,
      6.946570873260498,
      6.773808479309082,
      6.717986583709717,
      6.441411972045898,
      6.498559951782227,
      6.4396162033081055,
      6.473204135894775,
      6.722100257873535,
      6.723021984100342,
      6.666852951049805,
      6.557852745056152,
      6.571240425109863,
      6.586094856262207,
      6.738431930541992,
      6.884490489959717,
      6.727477073669434,
      6.893593788146973,
      6.714006423950195,
      6.8453826904296875,
      6.75684928894043,
      6.681645393371582,
      6.691262245178223,
      6.871224880218506,
      6.646393299102783,
      6.656583309173584,
      6.672513008117676,
      6.703222274780273,
      6.669986724853516,
      6.675091743469238,
      6.612429618835449,
      6.5430192947387695,
      6.564734935760498,
      6.663823127746582
    ],
    [
      2.0204224586486816,
      6.80324125289917,
      6.990052700042725,
      6.974480628967285,
      6.834503173828125,
      6.929581642150879,
      6.750649929046631,
      6.689811706542969,
      6.661738395690918,
      6.555968284606934,
      6.8538079261779785,
      6.864236831665039,
      6.778448104858398,
      6.905602931976318,
      6.762565612792969,
      6.685930252075195,
      6.705754280090332,
      6.946570873260498,
      7.304317474365234,
      7.083677291870117,
      6.994729995727539,
      6.747123718261719,
      6.7969889640808105,
      6.62722110748291,
      6.616537094116211,
      6.917949199676514,
      7.005202293395996,
      6.93438720703125,
      6.894911766052246,
      6.877805709838867,
      6.879166603088379,
      6.981086254119873,
      7.191581726074219,
      7.000308036804199,
      7.052837371826172,
      6.889464378356934,
      6.95454216003418,
      6.9710164070129395,
      6.942010879516602,
      6.932672500610352,
      7.085365295410156,
      6.875689506530762,
      6.8763108253479,
      6.941842079162598,
      6.940465927124023,
      6.812408447265625,
      6.863137245178223,
      6.8885722160339355,
      6.758659362792969,
      6.72213077545166,
      6.788290500640869
    ],
    [
      2.0081706047058105,
      6.744380950927734,
      6.932412147521973,
      6.879117965698242,
      6.723204135894775,
      6.812175750732422,
      6.638335227966309,
      6.603822231292725,
      6.5860724449157715,
      6.440848350524902,
      6.6829938888549805,
      6.731680870056152,
      6.690596580505371,
      6.811077117919922,
      6.633335113525391,
      6.486331939697266,
      6.508914947509766,
      6.773808479309082,
      7.083677291870117,
      7.032959938049316,
      6.922259330749512,
      6.670830249786377,
      6.723921775817871,
      6.531732082366943,
      6.447429656982422,
      6.723663330078125,
      6.849165916442871,
      6.773478984832764,
      6.757870197296143,
      6.752176284790039,
      6.701540946960449,
      6.749126434326172,
      6.964991569519043,
      6.78807258605957,
      6.832127094268799,
      6.668506622314453,
      6.7614240646362305,
      6.827125549316406,
      6.806106090545654,
      6.777334213256836,
      6.9608683586120605,
      6.766200065612793,
      6.777007102966309,
      6.771595001220703,
      6.778110027313232,
      6.6694488525390625,
      6.670194625854492,
      6.708470344543457,
      6.604055404663086,
      6.593966960906982,
      6.627717971801758
    ],
    [
      1.9869873523712158,
      6.612184047698975,
      6.8053483963012695,
      6.737615585327148,
      6.624102592468262,
      6.719086647033691,
      6.53050422668457,
      6.505284309387207,
      6.487895488739014,
      6.367242813110352,
      6.665461540222168,
      6.664486885070801,
      6.604959011077881,
      6.718750476837158,
      6.55413818359375,
      6.444451808929443,
      6.485983371734619,
      6.717986583709717,
      6.994729995727539,
      6.922259330749512,
      6.886013031005859,
      6.672595977783203,
      6.700039386749268,
      6.482967853546143,
      6.398949146270752,
      6.712921142578125,
      6.797675132751465,
      6.740578651428223,
      6.697694301605225,
      6.671626567840576,
      6.6397247314453125,
      6.76107120513916,
      6.928849220275879,
      6.74120569229126,
      6.7816290855407715,
      6.67618989944458,
      6.752805709838867,
      6.759241580963135,
      6.743786811828613,
      6.758134841918945,
      6.913291931152344,
      6.718955993652344,
      6.739449501037598,
      6.77418851852417,
      6.799531936645508,
      6.677931308746338,
      6.707945346832275,
      6.71926212310791,
      6.616031646728516,
      6.570077419281006,
      6.5938920974731445
    ],
    [
      1.9983476400375366,
      6.3892974853515625,
      6.6405839920043945,
      6.5659332275390625,
      6.483879089355469,
      6.612760543823242,
      6.3787736892700195,
      6.412825584411621,
      6.393083095550537,
      6.263471603393555,
      6.429567337036133,
      6.517335891723633,
      6.4673261642456055,
      6.578953742980957,
      6.416792869567871,
      6.199374198913574,
      6.229710102081299,
      6.441411972045898,
      6.747123718261719,
      6.670830249786377,
      6.672595977783203,
      6.579978942871094,
      6.644539833068848,
      6.380035400390625,
      6.2625532150268555,
      6.438695907592773,
      6.574703216552734,
      6.503244400024414,
      6.50775671005249,
      6.5518293380737305,
      6.547615051269531,
      6.5336809158325195,
      6.727537155151367,
      6.559604644775391,
      6.624202728271484,
      6.405100345611572,
      6.524488925933838,
      6.5881452560424805,
      6.577180862426758,
      6.574702739715576,
      6.730256080627441,
      6.572875022888184,
      6.582193374633789,
      6.585155487060547,
      6.64310359954834,
      6.5168328285217285,
      6.525918483734131,
      6.569851875305176,
      6.4518842697143555,
      6.4445600509643555,
      6.489479064941406
    ],
    [
      2.040848731994629,
      6.500478744506836,
      6.7501301765441895,
      6.6683478355407715,
      6.615426063537598,
      6.715039253234863,
      6.52301025390625,
      6.545490264892578,
      6.496430397033691,
      6.355958461761475,
      6.53248405456543,
      6.573795318603516,
      6.59633731842041,
      6.666304111480713,
      6.457557201385498,
      6.275891304016113,
      6.268702507019043,
      6.498559951782227,
      6.7969889640808105,
      6.723921775817871,
      6.700039386749268,
      6.644539833068848,
      6.831226825714111,
      6.544966697692871,
      6.377019882202148,
      6.548492431640625,
      6.663424491882324,
      6.546379089355469,
      6.5889387130737305,
      6.646162509918213,
      6.615739345550537,
      6.640138626098633,
      6.796483039855957,
      6.66237735748291,
      6.7262959480285645,
      6.513453483581543,
      6.601684093475342,
      6.669184684753418,
      6.687625885009766,
      6.688533782958984,
      6.863027095794678,
      6.710321426391602,
      6.70711612701416,
      6.681103706359863,
      6.76161003112793,
      6.637157440185547,
      6.644644737243652,
      6.708148956298828,
      6.593818187713623,
      6.581218719482422,
      6.575300693511963
    ],
    [
      2.159588098526001,
      6.389805793762207,
      6.525650978088379,
      6.4575910568237305,
      6.403875350952148,
      6.576949119567871,
      6.369680404663086,
      6.337924003601074,
      6.341162204742432,
      6.280604839324951,
      6.371511459350586,
      6.373754024505615,
      6.456254005432129,
      6.513399600982666,
      6.46993350982666,
      6.24575662612915,
      6.2397637367248535,
      6.4396162033081055,
      6.62722110748291,
      6.531732082366943,
      6.482967853546143,
      6.380035400390625,
      6.544966697692871,
      6.639437675476074,
      6.524843215942383,
      6.402576446533203,
      6.491455554962158,
      6.3254499435424805,
      6.325664520263672,
      6.5107526779174805,
      6.524312973022461,
      6.470357894897461,
      6.571921348571777,
      6.4292826652526855,
      6.607565879821777,
      6.363748550415039,
      6.4820404052734375,
      6.515517234802246,
      6.493627548217773,
      6.504619121551514,
      6.651406288146973,
      6.483531475067139,
      6.464667320251465,
      6.422880172729492,
      6.498262405395508,
      6.444348335266113,
      6.451711654663086,
      6.532461166381836,
      6.467702388763428,
      6.526022434234619,
      6.603548049926758
    ],
    [
      1.8247997760772705,
      6.375866889953613,
      6.439336776733398,
      6.341483116149902,
      6.247528076171875,
      6.486382484436035,
      6.274063587188721,
      6.183980464935303,
      6.197412490844727,
      6.201939582824707,
      6.315460205078125,
      6.176729202270508,
      6.30290412902832,
      6.373065948486328,
      6.470141410827637,
      6.388581275939941,
      6.31220006942749,
      6.473204135894775,
      6.616537094116211,
      6.447429656982422,
      6.398949146270752,
      6.2625532150268555,
      6.377019882202148,
      6.524843215942383,
      6.619394779205322,
      6.527941703796387,
      6.447821617126465,
      6.296626091003418,
      6.264049530029297,
      6.432351112365723,
      6.4939351081848145,
      6.455555438995361,
      6.5061845779418945,
      6.319816589355469,
      6.626125335693359,
      6.405296325683594,
      6.447847366333008,
      6.4079718589782715,
      6.4149017333984375,
      6.42741584777832,
      6.561969757080078,
      6.329262733459473,
      6.334484577178955,
      6.343013286590576,
      6.388995170593262,
      6.3287458419799805,
      6.354581832885742,
      6.409212589263916,
      6.346632480621338,
      6.428959846496582,
      6.634680271148682
    ],
    [
      1.9453978538513184,
      6.60350227355957,
      6.729562759399414,
      6.652593612670898,
      6.496800422668457,
      6.630862236022949,
      6.430810451507568,
      6.393770694732666,
      6.32992696762085,
      6.321495532989502,
      6.552835464477539,
      6.504457473754883,
      6.491072654724121,
      6.6065874099731445,
      6.5673604011535645,
      6.512960433959961,
      6.499734878540039,
      6.722100257873535,
      6.917949199676514,
      6.723663330078125,
      6.712921142578125,
      6.438695907592773,
      6.548492431640625,
      6.402576446533203,
      6.527941703796387,
      6.941954612731934,
      6.8470563888549805,
      6.719630718231201,
      6.655854225158691,
      6.639483451843262,
      6.7511677742004395,
      6.784178256988525,
      6.9477691650390625,
      6.736648082733154,
      6.940874099731445,
      6.716418266296387,
      6.737565040588379,
      6.675651550292969,
      6.696204662322998,
      6.702863693237305,
      6.863222122192383,
      6.609234809875488,
      6.633199214935303,
      6.698162078857422,
      6.713818073272705,
      6.6321001052856445,
      6.619872093200684,
      6.60856294631958,
      6.489363670349121,
      6.4846014976501465,
      6.692526817321777
    ],
    [
      2.19912052154541,
      6.687671661376953,
      6.853882789611816,
      6.775398254394531,
      6.641385078430176,
      6.735103130340576,
      6.549485206604004,
      6.49554443359375,
      6.470161437988281,
      6.367815017700195,
      6.647276878356934,
      6.6955366134643555,
      6.6583709716796875,
      6.729419708251953,
      6.559751510620117,
      6.475034236907959,
      6.473903656005859,
      6.723021984100342,
      7.005202293395996,
      6.849165916442871,
      6.797675132751465,
      6.574703216552734,
      6.663424491882324,
      6.491455554962158,
      6.447821617126465,
      6.8470563888549805,
      7.025123596191406,
      6.832805156707764,
      6.789475440979004,
      6.7384233474731445,
      6.723031997680664,
      6.804877281188965,
      6.973328590393066,
      6.776476860046387,
      6.810548782348633,
      6.6332502365112305,
      6.7298808097839355,
      6.727578163146973,
      6.742432594299316,
      6.707190036773682,
      6.870412826538086,
      6.637396812438965,
      6.658161640167236,
      6.682981491088867,
      6.742362022399902,
      6.587113380432129,
      6.593790054321289,
      6.651096343994141,
      6.521304130554199,
      6.500277519226074,
      6.580761432647705
    ],
    [
      2.043386936187744,
      6.575246334075928,
      6.756256103515625,
      6.714382171630859,
      6.586685657501221,
      6.6218037605285645,
      6.420012950897217,
      6.397475242614746,
      6.362248420715332,
      6.243349075317383,
      6.598060131072998,
      6.651793479919434,
      6.561358451843262,
      6.631528377532959,
      6.457842826843262,
      6.394026756286621,
      6.4292144775390625,
      6.666852951049805,
      6.93438720703125,
      6.773478984832764,
      6.740578651428223,
      6.503244400024414,
      6.546379089355469,
      6.3254499435424805,
      6.296626091003418,
      6.719630718231201,
      6.832805156707764,
      6.7938127517700195,
      6.7099761962890625,
      6.592342376708984,
      6.598240375518799,
      6.748419761657715,
      6.933524131774902,
      6.7637739181518555,
      6.7622175216674805,
      6.6319684982299805,
      6.670387268066406,
      6.648784637451172,
      6.674642562866211,
