{
  "ap": [
    3.5799527168273926,
    4.989721775054932,
    5.647512435913086,
    5.8452534675598145,
    6.1341552734375,
    6.237176418304443,
    6.493475437164307,
    6.572321891784668,
    6.583855152130127,
    6.5170369148254395,
    6.460087776184082,
    6.327869415283203,
    6.2273969650268555,
    6.451737403869629,
    6.3360466957092285,
    6.422361850738525,
    6.328558444976807,
    6.446095943450928,
    6.498085021972656,
    6.314889907836914,
    6.4517502784729,
    6.4330644607543945,
    6.4534711837768555,
    6.455740928649902,
    6.589487075805664,
    6.5669660568237305,
    6.4121599197387695,
    6.298821926116943,
    6.301058292388916,
    6.246670246124268,
    6.227504253387451,
    6.178486347198486,
    6.069350719451904,
    6.195012092590332,
    6.316800594329834,
    6.326850891113281,
    6.427026748657227,
    6.372707843780518
  ],
  "ape": [
    3.397801160812378,
    3.3865621089935303,
    3.534470796585083,
    3.547088623046875,
    3.5646910667419434,
    3.5682525634765625,
    3.570651054382324,
    3.570345878601074,
    3.570967197418213,
    3.5749316215515137,
    3.573781967163086,
    3.5738465785980225,
    3.5736727714538574,
    3.57604718208313,
    3.5776469707489014,
    3.575496196746826,
    3.5742180347442627,
    3.5746636390686035,
    3.577165365219116,
    3.5756611824035645,
    3.576866865158081,
    3.5758402347564697,
    3.5764548778533936,
    3.5728237628936768,
    3.572375535964966,
    3.571309804916382,
    3.569758415222168,
    3.5716404914855957,
    3.570189952850342,
    3.5714731216430664,
    3.5709357261657715,
    3.5735983848571777,
    3.5725462436676025,
    3.5730113983154297,
    3.573655843734741,
    3.57163143157959,
    3.574280023574829,
    3.5754010677337646
  ],
  "char_spans": [
    [
      0,
      6
    ],
    [
      6,
      9
    ],
    [
      9,
      16
    ],
    [
      16,
      18
    ],
    [
      18,
      22
    ],
    [
      22,
      25
    ],
    [
      25,
      27
    ],
    [
      27,
      30
    ],
    [
      30,
      36
    ],
    [
      36,
      37
    ],
    [
      37,
      38
    ],
    [
      38,
      39
    ],
    [
      39,
      40
    ],
    [
      40,
      43
    ],
    [
      43,
      46
    ],
    [
      46,
      54
    ],
    [
      54,
      61
    ],
    [
      61,
      63
    ],
    [
      63,
      66
    ],
    [
      66,
      73
    ],
    [
      73,
      74
    ],
    [
      74,
      76
    ],
    [
      76,
      80
    ],
    [
      80,
      83
    ],
    [
      83,
      85
    ],
    [
      85,
      88
    ],
    [
      88,
      94
    ],
    [
      94,
      95
    ],
    [
      95,
      96
    ],
    [
      96,
      97
    ],
    [
      97,
      98
    ],
    [
      98,
      101
    ],
    [
      101,
      104
    ],
    [
      104,
      112
    ],
    [
      112,
      113
    ],
    [
      113,
      120
    ],
    [
      120,
      122
    ],
    [
      122,
      123
    ]
  ],
  "matrix": [
    [
      6.119147300720215,
      4.416719436645508,
      4.43157958984375,
      4.403518199920654,
      4.214556694030762,
      4.116385459899902,
      4.007744789123535,
      4.097786903381348,
      4.133780479431152,
      3.845212936401367,
      3.7769904136657715,
      3.4997448921203613,
      3.4794983863830566,
      3.511671543121338,
      3.304250478744507,
      3.3278021812438965,
      3.300316333770752,
      3.36637282371521,
      3.596156358718872,
      3.6954503059387207,
      3.722116231918335,
      3.5213637351989746,
      3.5632340908050537,
      3.5309414863586426,
      3.6566977500915527,
      3.6094770431518555,
      3.3846421241760254,
      3.1506266593933105,
      3.2751951217651367,
      3.2001798152923584,
      3.2031991481781006,
      3.148667812347412,
      2.9665913581848145,
      3.1546852588653564,
      3.333636999130249,
      3.180394172668457,
      3.1514902114868164,
      3.179570198059082
    ],
    [
      4.416719436645508,
      6.216230392456055,
      6.162352085113525,
      6.170078277587891,
      6.111433029174805,
      5.467804431915283,
      5.243533611297607,
      5.2562432289123535,
      5.26346492767334,
      5.263740062713623,
      5.187274932861328,
      5.018186569213867,
      4.978312969207764,
      5.179420471191406,
      5.0938262939453125,
      4.793935775756836,
      4.739603042602539,
      4.857265949249268,
      5.2164764404296875,
      5.004347324371338,
      5.156864166259766,
      4.979735374450684,
      5.0531744956970215,
      4.838810443878174,
      4.912850379943848,
      4.8427019119262695,
      4.593918800354004,
      4.654579162597656,
      4.669513702392578,
      4.65486478805542,
      4.58683967590332,
      4.6556806564331055,
      4.355307579040527,
      4.475688457489014,
      4.683160781860352,
      4.547204971313477,
      4.720883846282959,
      4.813884258270264
    ],
    [
      4.43157958984375,
      6.162352085113525,
      7.005288124084473,
      7.117839813232422,
      6.878470420837402,
      6.1596360206604,
      5.954876899719238,
      5.86979866027832,
      5.901948928833008,
      5.869394302368164,
      5.724438667297363,
      5.578996181488037,
      5.507167816162109,
      5.692055702209473,
      5.630335330963135,
      5.727943420410156,
      5.5156660079956055,
      5.584262847900391,
      5.796955108642578,
      5.76180362701416,
      5.92056941986084,
      5.747725486755371,
      5.820315361022949,
      5.523448944091797,
      5.642985820770264,
      5.554975509643555,
      5.340825080871582,
      5.216973304748535,
      5.213933944702148,
      5.232327461242676,
      5.184813976287842,
      5.246416091918945,
      5.124269008636475,
      5.416517734527588,
      5.53524112701416,
      5.319828033447266,
      5.515371322631836,
      5.5359015464782715
    ],
    [
      4.403518199920654,
      6.170078277587891,
      7.117839813232422,
      7.4108357429504395,
      7.154743194580078,
      6.519162178039551,
      6.314711570739746,
      6.193368911743164,
      6.154280185699463,
      6.092679023742676,
      5.93515157699585,
      5.804287910461426,
      5.728428840637207,
      5.898359775543213,
      5.84139347076416,
      5.902937889099121,
      5.691561698913574,
      5.8216471672058105,
      5.960205554962158,
      5.904353141784668,
      6.1029205322265625,
      5.98207950592041,
      6.038715362548828,
      5.7903242111206055,
      5.9091057777404785,
      5.78406286239624,
      5.555163860321045,
      5.409331321716309,
      5.4251251220703125,
      5.438563346862793,
      5.350650787353516,
      5.322469234466553,
      5.282612323760986,
      5.648651123046875,
      5.730556011199951,
      5.501507759094238,
      5.7249674797058105,
      5.66887092590332
    ],
    [
      4.214556694030762,
      6.111433029174805,
      6.878470420837402,
      7.154743194580078,
      7.740321159362793,
      7.166955947875977,
      6.8102216720581055,
      6.643036365509033,
      6.530546188354492,
      6.489316940307617,
      6.219234943389893,
      6.049063682556152,
      5.982928276062012,
      6.260199069976807,
      6.254359245300293,
      6.1715617179870605,
      5.938340187072754,
      6.055356502532959,
      6.3757476806640625,
      6.136180400848389,
      6.316591262817383,
      6.308060169219971,
      6.546844482421875,
      6.296307563781738,
      6.274161338806152,
      6.1476569175720215,
      5.86606502532959,
      5.742264747619629,
      5.722365379333496,
      5.723048686981201,
      5.606277942657471,
      5.710665702819824,
      5.735805988311768,
      5.820356369018555,
      5.9465556144714355,
      5.8275251388549805,
      5.963743209838867,
      5.967216491699219
    ],
    [
      4.116385459899902,
      5.467804431915283,
      6.1596360206604,
      6.519162178039551,
      7.166955947875977,
      7.330940246582031,
      7.201916694641113,
      7.0848388671875,
      6.853425979614258,
      6.643959999084473,
      6.342894554138184,
      6.139604568481445,
      6.058025360107422,
      6.309472560882568,
      6.261316299438477,
      6.327480316162109,
      6.228551864624023,
      6.33503532409668,
      6.51320219039917,
      6.220685958862305,
      6.419452667236328,
      6.561281204223633,
      6.652108192443848,
      6.481431007385254,
      6.506010055541992,
      6.424645900726318,
      6.078094005584717,
      5.907463073730469,
      5.833423614501953,
      5.809370517730713,
      5.750472068786621,
      5.859209060668945,
      5.901137351989746,
      6.025113105773926,
      6.121251583099365,
      6.123837947845459,
      6.190700531005859,
      6.180168628692627
    ],
    [
      4.007744789123535,
      5.243533611297607,
      5.954876899719238,
      6.314711570739746,
      6.8102216720581055,
      7.201916694641113,
      7.620272636413574,
      7.547698020935059,
      7.326298713684082,
      6.993755340576172,
      6.750755310058594,
      6.538241863250732,
      6.390796661376953,
      6.549802780151367,
      6.418751239776611,
      6.576145648956299,
      6.595139503479004,
      6.722389221191406,
      6.676675796508789,
      6.447827339172363,
      6.627764701843262,
      6.709782600402832,
      6.7201385498046875,
      6.852169036865234,
      6.947968006134033,
      6.83823299407959,
      6.554931640625,
      6.323737144470215,
      6.254977703094482,
      6.200389862060547,
      6.162856101989746,
      6.134222030639648,
      6.107725620269775,
      6.403909683227539,
      6.520020484924316,
      6.659839630126953,
      6.667960166931152,
      6.504703044891357
    ],
    [
      4.097786903381348,
      5.2562432289123535,
      5.86979866027832,
      6.193368911743164,
      6.643036365509033,
      7.0848388671875,
      7.547698020935059,
      7.5854878425598145,
      7.419736862182617,
      7.085616111755371,
      6.902945518493652,
      6.691029071807861,
      6.543381690979004,
      6.6940226554870605,
      6.562435626983643,
      6.670993804931641,
      6.687014579772949,
      6.833449363708496,
      6.758886337280273,
      6.550633430480957,
      6.732948303222656,
      6.778122901916504,
      6.740419864654541,
      6.906558513641357,
      7.049946308135986,
      6.978048324584961,
      6.682281494140625,
      6.4588727951049805,
      6.432724952697754,
      6.350458145141602,
      6.327849388122559,
      6.260644912719727,
      6.218842506408691,
      6.493013381958008,
      6.603481292724609,
      6.7361650466918945,
      6.747930526733398,
      6.584673881530762
    ],
    [
      4.133780479431152,
      5.26346492767334,
      5.901948928833008,
      6.154280185699463,
      6.530546188354492,
      6.853425979614258,
      7.326298713684082,
      7.419736862182617,
      7.477084159851074,
      7.166027069091797,
      6.990117073059082,
      6.760890007019043,
      6.595000267028809,
      6.7528076171875,
      6.568789482116699,
      6.699126243591309,
      6.761869430541992,
      6.8512396812438965,
      6.779041290283203,
      6.622442245483398,
      6.778500556945801,
      6.7515153884887695,
      6.694219589233398,
      6.817797660827637,
      7.026889801025391,
      7.048774242401123,
      6.814812660217285,
      6.568992614746094,
      6.495389938354492,
      6.397386074066162,
      6.3845930099487305,
      6.305764198303223,
      6.205181121826172,
      6.468212127685547,
      6.619466781616211,
      6.734429836273193,
      6.765944480895996,
      6.593935012817383
    ],
    [
      3.845212936401367,
      5.263740062713623,
      5.869394302368164,
      6.092679023742676,
      6.489316940307617,
      6.643959999084473,
      6.993755340576172,
      7.085616111755371,
      7.166027069091797,
      7.108028888702393,
      7.014964580535889,
      6.8082733154296875,
      6.672178745269775,
      6.858532905578613,
      6.653294563293457,
      6.636727333068848,
      6.643771171569824,
      6.777529716491699,
      6.810173988342285,
      6.558503150939941,
      6.678097248077393,
      6.638695240020752,
      6.70073127746582,
      6.729056358337402,
      6.842957973480225,
      6.859430313110352,
      6.734036922454834,
      6.578181743621826,
      6.571027755737305,
      6.478288650512695,
      6.426628589630127,
      6.350368022918701,
      6.175454139709473,
      6.315625190734863,
      6.446036338806152,
      6.567790985107422,
      6.652324676513672,
      6.501988410949707
    ],
    [
      3.7769904136657715,
      5.187274932861328,
      5.724438667297363,
      5.93515157699585,
      6.219234943389893,
      6.342894554138184,
      6.750755310058594,
      6.902945518493652,
      6.990117073059082,
      7.014964580535889,
      7.11358642578125,
      6.971787929534912,
      6.848873615264893,
      6.954497337341309,
      6.6986613273620605,
      6.551651954650879,
      6.518240451812744,
      6.732373237609863,
      6.733288764953613,
      6.45166015625,
      6.583914756774902,
      6.528554916381836,
      6.538338661193848,
      6.603667736053467,
      6.833754539489746,
      6.818256378173828,
      6.661440372467041,
      6.6283769607543945,
      6.744540214538574,
      6.690577507019043,
      6.5765252113342285,
      6.320670127868652,
      6.059615612030029,
      6.203786373138428,
      6.365260124206543,
      6.454686164855957,
      6.6062164306640625,
      6.49926233291626
    ],
    [
      3.4997448921203613,
      5.018186569213867,
      5.578996181488037,
      5.804287910461426,
      6.049063682556152,
      6.139604568481445,
      6.538241863250732,
      6.691029071807861,
      6.760890007019043,
      6.8082733154296875,
      6.971787929534912,
      7.0049285888671875,
      6.911805152893066,
      6.9523844718933105,
      6.652458667755127,
      6.471715927124023,
      6.403403282165527,
      6.596558570861816,
      6.600672721862793,
      6.32469367980957,
      6.468786239624023,
      6.362099647521973,
      6.3640828132629395,
      6.410482883453369,
      6.65609884262085,
      6.623165130615234,
      6.472076892852783,
      6.5228471755981445,
      6.712593078613281,
      6.732487678527832,
      6.560542106628418,
      6.19411563873291,
      5.896100044250488,
      6.072153568267822,
      6.226634502410889,
      6.243971824645996,
      6.455523490905762,
      6.383609771728516
    ],
    [
      3.4794983863830566,
      4.978312969207764,
      5.507167816162109,
      5.728428840637207,
      5.982928276062012,
      6.058025360107422,
      6.390796661376953,
      6.543381690979004,
      6.595000267028809,
      6.672178745269775,
      6.848873615264893,
      6.911805152893066,
      6.886068820953369,
      6.8924241065979,
      6.570719242095947,
      6.352631568908691,
      6.243691921234131,
      6.4633026123046875,
      6.485736846923828,
      6.209358215332031,
      6.373497486114502,
      6.259151458740234,
      6.265353202819824,
      6.2696027755737305,
      6.5144944190979,
      6.499607086181641,
      6.344490051269531,
      6.423396110534668,
      6.6461381912231445,
      6.705024719238281,
      6.523290634155273,
      6.105673789978027,
      5.800864219665527,
      5.956215858459473,
      6.129059791564941,
      6.08979606628418,
      6.320199012756348,
      6.273552894592285
    ],
    [
      3.511671543121338,
      5.179420471191406,
      5.692055702209473,
      5.898359775543213,
      6.260199069976807,
      6.309472560882568,
      6.549802780151367,
      6.6940226554870605,
      6.7528076171875,
      6.858532905578613,
      6.954497337341309,
      6.9523844718933105,
      6.8924241065979,
      7.122785568237305,
      6.897992134094238,
      6.641261100769043,
      6.516758918762207,
      6.688950538635254,
      6.833821773529053,
      6.487221717834473,
      6.609346389770508,
      6.560636520385742,
      6.616710662841797,
      6.596360206604004,
      6.711645126342773,
      6.7385454177856445,
      6.608983039855957,
      6.670347213745117,
      6.765109539031982,
      6.760103702545166,
      6.6527557373046875,
      6.487817287445068,
      6.227960109710693,
      6.210394859313965,
      6.384695053100586,
      6.395760536193848,
      6.587006568908691,
      6.558449745178223
    ],
    [
      3.304250478744507,
      5.0938262939453125,
      5.630335330963135,
      5.84139347076416,
      6.254359245300293,
      6.261316299438477,
      6.418751239776611,
      6.562435626983643,
      6.568789482116699,
      6.653294563293457,
      6.6986613273620605,
      6.652458667755127,
      6.570719242095947,
      6.897992134094238,
      6.803508281707764,
      6.591090202331543,
      6.454156398773193,
      6.580859184265137,
      6.754405975341797,
      6.378653526306152,
      6.483340263366699,
      6.502359390258789,
      6.579874038696289,
      6.5423078536987305,
      6.617290496826172,
      6.616754531860352,
      6.464578628540039,
      6.502640247344971,
      6.556625843048096,
      6.504957675933838,
      6.425981521606445,
      6.428936958312988,
      6.258859634399414,
      6.145425796508789,
      6.297988414764404,
      6.3358154296875,
      6.511854648590088,
      6.490391254425049
    ],
    [
      3.3278021812438965,
      4.793935775756836,
      5.727943420410156,
      5.902937889099121,
      6.1715617179870605,
      6.327480316162109,
      6.576145648956299,
      6.670993804931641,
      6.699126243591309,
      6.636727333068848,
      6.551651954650879,
      6.471715927124023,
      6.352631568908691,
      6.641261100769043,
      6.591090202331543,
      7.066077709197998,
      6.853341579437256,
      6.844582557678223,
      6.826028823852539,
      6.684762001037598,
      6.719656467437744,
      6.7133259773254395,
      6.7049055099487305,
      6.672173023223877,
      6.788449764251709,
      6.782675266265869,
      6.6288371086120605,
      6.453225135803223,
      6.418951034545898,
      6.394015312194824,
      6.4272589683532715,
      6.5108232498168945,
      6.496254920959473,
      6.585483551025391,
      6.655316352844238,
      6.604231357574463,
      6.754493236541748,
      6.665594577789307
    ],
    [
      3.300316333770752,
      4.739603042602539,
      5.5156660079956055,
      5.691561698913574,
      5.938340187072754,
      6.228551864624023,
      6.595139503479004,
      6.687014579772949,
      6.761869430541992,
      6.643771171569824,
      6.518240451812744,
      6.403403282165527,
      6.243691921234131,
      6.516758918762207,
      6.454156398773193,
      6.853341579437256,
      6.855707168579102,
      6.822668075561523,
      6.712734222412109,
      6.549959659576416,
      6.584089279174805,
      6.567351341247559,
      6.490370750427246,
      6.56766939163208,
      6.692445278167725,
      6.6944684982299805,
      6.604461193084717,
      6.378705978393555,
      6.291812896728516,
      6.26746940612793,
      6.320528984069824,
      6.371963977813721,
      6.2984113693237305,
      6.490319728851318,
      6.553160667419434,
      6.570589065551758,
      6.663122177124023,
      6.572930335998535
    ],
    [
      3.36637282371521,
      4.857265949249268,
      5.584262847900391,
      5.8216471672058105,
      6.055356502532959,
      6.33503532409668,
      6.722389221191406,
      6.833449363708496,
      6.8512396812438965,
      6.777529716491699,
      6.732373237609863,
      6.596558570861816,
      6.4633026123046875,
      6.688950538635254,
      6.580859184265137,
      6.844582557678223,
      6.822668075561523,
      6.947623252868652,
      6.836826324462891,
      6.608887195587158,
      6.663797855377197,
      6.659695148468018,
      6.60677433013916,
      6.697009086608887,
      6.860494613647461,
      6.839136600494385,
      6.659346580505371,
      6.525509357452393,
      6.5321574211120605,
      6.507012367248535,
      6.523143291473389,
      6.4588141441345215,
      6.33770751953125,
      6.5219011306762695,
      6.615401268005371,
      6.6393280029296875,
      6.809401512145996,
      6.669368743896484
    ],
    [
      3.596156358718872,
      5.2164764404296875,
      5.796955108642578,
      5.960205554962158,
      6.3757476806640625,
      6.51320219039917,
      6.676675796508789,
      6.758886337280273,
      6.779041290283203,
      6.810173988342285,
      6.733288764953613,
      6.600672721862793,
      6.485736846923828,
      6.833821773529053,
      6.754405975341797,
      6.826028823852539,
      6.712734222412109,
      6.836826324462891,
      6.9799580574035645,
      6.704949855804443,
      6.748007774353027,
      6.697609901428223,
      6.809115409851074,
      6.763934135437012,
      6.814488410949707,
      6.789919376373291,
      6.633434295654297,
      6.5630903244018555,
      6.543113708496094,
      6.514446258544922,
      6.530150890350342,
      6.617969989776611,
      6.47056245803833,
      6.455591201782227,
      6.559455871582031,
      6.5645318031311035,
      6.7236785888671875,
      6.65806770324707
    ],
    [
      3.6954503059387207,
      5.004347324371338,
      5.76180362701416,
      5.904353141784668,
      6.136180400848389,
      6.220685958862305,
      6.447827339172363,
      6.550633430480957,
      6.622442245483398,
      6.558503150939941,
      6.45166015625,
      6.32469367980957,
      6.209358215332031,
      6.487221717834473,
      6.378653526306152,
      6.684762001037598,
      6.549959659576416,
      6.608887195587158,
      6.704949855804443,
      6.725809574127197,
      6.777310371398926,
      6.592647552490234,
      6.633469581604004,
      6.530096054077148,
      6.630521774291992,
      6.6322126388549805,
      6.456043243408203,
      6.26397705078125,
      6.222324371337891,
      6.218031406402588,
      6.26011848449707,
      6.387494087219238,
      6.273317813873291,
      6.453437805175781,
      6.523882865905762,
      6.457389831542969,
      6.527865409851074,
      6.508432388305664
    ],
    [
      3.722116231918335,
      5.156864166259766,
      5.92056941986084,
      6.1029205322265625,
      6.316591262817383,
      6.419452667236328,
      6.627764701843262,
      6.732948303222656,
      6.778500556945801,
      6.678097248077393,
      6.583914756774902,
      6.468786239624023,
      6.373497486114502,
      6.609346389770508,
      6.483340263366699,
      6.719656467437744,
      6.584089279174805,
      6.663797855377197,
      6.748007774353027,
      6.777310371398926,
      6.9456000328063965,
      6.76698112487793,
      6.789630889892578,
      6.730319976806641,
      6.836496353149414,
      6.798051357269287,
      6.599003791809082,
      6.408172607421875,
      6.408054351806641,
      6.426122665405273,
      6.412606239318848,
      6.4676032066345215,
      6.360006809234619,
      6.6332902908325195,
      6.680000305175781,
      6.610405445098877,
      6.675344467163086,
      6.6450910568237305
    ],
    [
      3.5213637351989746,
      4.979735374450684,
      5.747725486755371,
      5.98207950592041,
      6.308060169219971,
      6.561281204223633,
      6.709782600402832,
      6.778122901916504,
      6.7515153884887695,
      6.638695240020752,
      6.528554916381836,
      6.362099647521973,
      6.259151458740234,
      6.560636520385742,
      6.502359390258789,
      6.7133259773254395,
      6.567351341247559,
      6.659695148468018,
      6.697609901428223,
      6.592647552490234,
      6.76698112487793,
      6.869907379150391,
      6.837887763977051,
      6.865201950073242,
      6.863563537597656,
      6.863208770751953,
      6.650115966796875,
      6.4615020751953125,
      6.425843715667725,
      6.346253395080566,
      6.388237953186035,
      6.458674430847168,
      6.496538162231445,
      6.539608001708984,
      6.667827606201172,
      6.646431922912598,
      6.69384765625,
      6.629853248596191
    ],
    [
      3.5632340908050537,
      5.0531744956970215,
      5.820315361022949,
      6.038715362548828,
      6.546844482421875,
      6.652108192443848,
      6.7201385498046875,
      6.740419864654541,
      6.694219589233398,
      6.70073127746582,
      6.538338661193848,
      6.3640828132629395,
      6.265353202819824,
      6.616710662841797,
      6.579874038696289,
      6.7049055099487305,
      6.490370750427246,
      6.60677433013916,
      6.809115409851074,
      6.633469581604004,
      6.789630889892578,
      6.837887763977051,
      7.0972771644592285,
      6.932979106903076,
      6.854686737060547,
      6.826813697814941,
      6.611907958984375,
      6.485860824584961,
      6.445467948913574,
      6.355862617492676,
      6.352128028869629,
      6.546529293060303,
      6.534885406494141,
      6.539694786071777,
      6.63484001159668,
      6.605400562286377,
      6.650087833404541,
      6.634876728057861
    ],
    [
      3.5309414863586426,
      4.838810443878174,
      5.523448944091797,
      5.7903242111206055,
      6.296307563781738,
      6.481431007385254,
      6.852169036865234,
      6.906558513641357,
      6.817797660827637,
      6.729056358337402,
      6.603667736053467,
      6.410482883453369,
      6.2696027755737305,
      6.596360206604004,
      6.5423078536987305,
      6.672173023223877,
      6.56766939163208,
      6.697009086608887,
      6.763934135437012,
      6.530096054077148,
      6.730319976806641,
      6.865201950073242,
      6.932979106903076,
      6.9915547370910645,
      7.038091659545898,
      6.955505847930908,
      6.750289440155029,
      6.60231351852417,
      6.545721054077148,
      6.410626411437988,
      6.377628326416016,
      6.450060844421387,
      6.49459171295166,
      6.515698432922363,
      6.5689802169799805,
      6.745439529418945,
      6.7878289222717285,
      6.6709699630737305
    ],
    [
      3.6566977500915527,
      4.912850379943848,
      5.642985820770264,
      5.9091057777404785,
      6.274161338806152,
      6.506010055541992,
      6.947968006134033,
      7.049946308135986,
      7.026889801025391,
      6.842957973480225,
      6.833754539489746,
      6.65609884262085,
      6.5144944190979,
      6.711645126342773,
      6.617290496826172,
      6.788449764251709,
      6.692445278167725,
      6.860494613647461,
      6.814488410949707,
      6.630521774291992,
      6.836496353149414,
      6.863563537597656,
      6.854686737060547,
      7.038091659545898,
      7.28363561630249,
      7.200282096862793,
      6.968659400939941,
      6.777837753295898,
      6.829974174499512,
      6.717684745788574,
      6.647144317626953,
      6.540757179260254,
      6.548389434814453,
      6.673547744750977,
      6.780788898468018,
      6.861663818359375,
      6.949151039123535,
      6.833022117614746
    ],
    [
      3.6094770431518555,
      4.8427019119262695,
      5.554975509643555,
      5.78406286239624,
      6.1476569175720215,
      6.424645900726318,
      6.83823299407959,
      6.978048324584961,
      7.048774242401123,
      6.859430313110352,
      6.818256378173828,
      6.623165130615234,
      6.499607086181641,
      6.7385454177856445,
      6.616754531860352,
      6.782675266265869,
      6.6944684982299805,
      6.839136600494385,
      6.789919376373291,
      6.6322126388549805,
      6.798051357269287,
      6.863208770751953,
      6.826813697814941,
      6.955505847930908,
      7.200282096862793,
      7.270181179046631,
      7.1004414558410645,
      6.874423027038574,
      6.829793453216553,
      6.684967994689941,
      6.671353340148926,
      6.5529022216796875,
      6.536911964416504,
      6.655566215515137,
      6.763693809509277,
      6.855657577514648,
      6.893657684326172,
      6.791774272918701
    ],
    [
      3.3846421241760254,
      4.593918800354004,
      5.340825080871582,
      5.555163860321045,
      5.86606502532959,
      6.078094005584717,
      6.554931640625,
      6.682281494140625,
      6.814812660217285,
      6.734036922454834,
      6.661440372467041,
      6.472076892852783,
      6.344490051269531,
      6.608983039855957,
      6.464578628540039,
      6.6288371086120605,
      6.604461193084717,
      6.659346580505371,
      6.633434295654297,
      6.456043243408203,
      6.599003791809082,
      6.650115966796875,
      6.611907958984375,
      6.750289440155029,
      6.968659400939941,
      7.1004414558410645,
      7.226811408996582,
      7.060155391693115,
      6.836774826049805,
      6.617445945739746,
      6.628049850463867,
      6.485532760620117,
      6.3582563400268555,
      6.4752044677734375,
      6.608030319213867,
      6.820793151855469,
      6.819050312042236,
      6.721731185913086
    ],
    [
      3.1506266593933105,
      4.654579162597656,
      5.216973304748535,
      5.409331321716309,
      5.742264747619629,
      5.907463073730469,
      6.323737144470215,
      6.4588727951049805,
      6.568992614746094,
      6.578181743621826,
      6.6283769607543945,
      6.5228471755981445,
      6.423396110534668,
      6.670347213745117,
      6.502640247344971,
      6.453225135803223,
      6.378705978393555,
      6.525509357452393,
      6.5630903244018555,
      6.26397705078125,
      6.408172607421875,
      6.4615020751953125,
      6.485860824584961,
      6.60231351852417,
      6.777837753295898,
      6.874423027038574,
      7.060155391693115,
      7.042236804962158,
      6.915652275085449,
      6.729730606079102,
      6.699756622314453,
      6.4312052726745605,
      6.195991516113281,
      6.244243144989014,
      6.370056629180908,
      6.571650981903076,
      6.689372539520264,
      6.5953264236450195
    ],
    [
      3.2751951217651367,
      4.669513702392578,
      5.213933944702148,
      5.4251251220703125,
      5.722365379333496,
      5.833423614501953,
      6.254977703094482,
      6.432724952697754,
      6.495389938354492,
      6.571027755737305,
      6.744540214538574,
      6.712593078613281,
      6.6461381912231445,
      6.765109539031982,
      6.556625843048096,
      6.418951034545898,
      6.291812896728516,
      6.5321574211120605,
      6.543113708496094,
      6.222324371337891,
      6.408054351806641,
      6.425843715667725,
      6.445467948913574,
      6.545721054077148,
      6.829974174499512,
      6.829793453216553,
      6.836774826049805,
      6.915652275085449,
      7.065928936004639,
      6.961474418640137,
      6.809116363525391,
      6.415532112121582,
      6.170055866241455,
      6.198132514953613,
      6.3600592613220215,
      6.4575958251953125,
      6.625835418701172,
      6.577025890350342
    ],
    [
      3.2001798152923584,
      4.65486478805542,
      5.232327461242676,
      5.438563346862793,
      5.723048686981201,
      5.809370517730713,
      6.200389862060547,
      6.350458145141602,
      6.397386074066162,
      6.478288650512695,
      6.690577507019043,
      6.732487678527832,
      6.705024719238281,
      6.760103702545166,
      6.504957675933838,
      6.394015312194824,
      6.26746940612793,
      6.507012367248535,
      6.514446258544922,
      6.218031406402588,
      6.426122665405273,
      6.346253395080566,
      6.355862617492676,
      6.410626411437988,
      6.717684745788574,
      6.684967994689941,
      6.617445945739746,
      6.729730606079102,
      6.961474418640137,
      6.970444202423096,
      6.820834159851074,
      6.364823341369629,
      6.075656414031982,
      6.139579772949219,
      6.346875190734863,
      6.309539318084717,
      6.522359371185303,
      6.517951011657715
    ],
    [
      3.2031991481781006,
      4.58683967590332,
      5.184813976287842,
      5.350650787353516,
      5.606277942657471,
      5.750472068786621,
      6.162856101989746,
      6.327849388122559,
      6.3845930099487305,
      6.426628589630127,
      6.5765252113342285,
      6.560542106628418,
      6.523290634155273,
      6.6527557373046875,
      6.425981521606445,
      6.4272589683532715,
      6.320528984069824,
      6.523143291473389,
      6.530150890350342,
      6.26011848449707,
      6.412606239318848,
      6.388237953186035,
      6.352128028869629,
      6.377628326416016,
      6.647144317626953,
      6.671353340148926,
      6.628049850463867,
      6.699756622314453,
      6.809116363525391,
      6.820834159851074,
      6.835691452026367,
      6.481258392333984,
      6.193759918212891,
      6.204949378967285,
      6.415019512176514,
      6.401371002197266,
      6.546043395996094,
      6.583917617797852
    ],
    [
      3.148667812347412,
      4.6556806564331055,
      5.246416091918945,
      5.322469234466553,
      5.710665702819824,
      5.859209060668945,
      6.134222030639648,
      6.260644912719727,
      6.305764198303223,
      6.350368022918701,
      6.320670127868652,
      6.19411563873291,
      6.105673789978027,
      6.487817287445068,
      6.428936958312988,
      6.5108232498168945,
      6.371963977813721,
      6.4588141441345215,
      6.617969989776611,
      6.387494087219238,
      6.4676032066345215,
      6.458674430847168,
      6.546529293060303,
      6.450060844421387,
      6.540757179260254,
      6.5529022216796875,
      6.485532760620117,
      6.4312052726745605,
      6.415532112121582,
      6.364823341369629,
      6.481258392333984,
      6.652431964874268,
      6.480668067932129,
      6.2617692947387695,
      6.41015625,
      6.390817642211914,
      6.460084915161133,
      6.527225494384766
    ],
    [
      2.9665913581848145,
      4.355307579040527,
      5.124269008636475,
      5.282612323760986,
      5.735805988311768,
      5.901137351989746,
      6.107725620269775,
      6.218842506408691,
      6.205181121826172,
      6.175454139709473,
      6.059615612030029,
      5.896100044250488,
      5.800864219665527,
      6.227960109710693,
      6.258859634399414,
      6.496254920959473,
      6.2984113693237305,
      6.33770751953125,
      6.47056245803833,
      6.273317813873291,
      6.360006809234619,
      6.496538162231445,
      6.534885406494141,
      6.49459171295166,
      6.548389434814453,
      6.536911964416504,
      6.3582563400268555,
      6.195991516113281,
      6.170055866241455,
      6.075656414031982,
      6.193759918212891,
      6.480668067932129,
      6.553770065307617,
      6.296012878417969,
      6.392467498779297,
      6.409328460693359,
      6.411348819732666,
      6.418532371520996
    ],
    [
      3.1546852588653564,
      4.475688457489014,
      5.416517734527588,
      5.648651123046875,
      5.820356369018555,
      6.025113105773926,
      6.403909683227539,
      6.493013381958008,
      6.468212127685547,
      6.315625190734863,
      6.203786373138428,
      6.072153568267822,
      5.956215858459473,
      6.210394859313965,
      6.145425796508789,
      6.585483551025391,
      6.490319728851318,
      6.5219011306762695,
      6.455591201782227,
      6.453437805175781,
      6.6332902908325195,
      6.539608001708984,
      6.539694786071777,
      6.515698432922363,
      6.673547744750977,
      6.655566215515137,
      6.4752044677734375,
      6.244243144989014,
      6.198132514953613,
      6.139579772949219,
      6.204949378967285,
      6.2617692947387695,
      6.296012878417969,
      6.663942813873291,
      6.734419822692871,
      6.586972713470459,
      6.619352340698242,
      6.580920219421387
    ],
    [
      3.333636999130249,
      4.683160781860352,
      5.53524112701416,
      5.730556011199951,
      5.9465556144714355,
      6.121251583099365,
      6.520020484924316,
      6.603481292724609,
      6.619466781616211,
      6.446036338806152,
      6.365260124206543,
      6.226634502410889,
      6.129059791564941,
      6.384695053100586,
      6.297988414764404,
      6.655316352844238,
      6.553160667419434,
      6.615401268005371,
      6.559455871582031,
      6.523882865905762,
      6.680000305175781,
      6.667827606201172,
      6.63484001159668,
      6.5689802169799805,
      6.780788898468018,
      6.763693809509277,
      6.608030319213867,
      6.370056629180908,
      6.3600592613220215,
      6.346875190734863,
      6.415019512176514,
      6.41015625,
      6.392467498779297,
      6.734419822692871,
      6.865147590637207,
      6.7053141593933105,
      6.718524932861328,
      6.71430778503418
    ],
    [
      3.180394172668457,
      4.547204971313477,
      5.319828033447266,
      5.501507759094238,
      5.8275251388549805,
      6.123837947845459,
      6.659839630126953,
      6.7361650466918945,
      6.734429836273193,
      6.567790985107422,
      6.454686164855957,
      6.243971824645996,
      6.08979606628418,
      6.395760536193848,
      6.3358154296875,
      6.604231357574463,
      6.570589065551758,
      6.6393280029296875,
      6.5645318031311035,
      6.457389831542969,
      6.610405445098877,
      6.646431922912598,
      6.605400562286377,
      6.745439529418945,
      6.861663818359375,
      6.855657577514648,
      6.820793151855469,
      6.571650981903076,
      6.4575958251953125,
      6.309539318084717,
      6.401371002197266,
      6.390817642211914,
      6.409328460693359,
      6.586972713470459,
      6.7053141593933105,
      6.971567153930664,
      6.8504228591918945,
      6.710060119628906
    ],
    [
      3.1514902114868164,
      4.720883846282959,
      5.515371322631836,
      5.7249674797058105,
      5.963743209838867,
      6.190700531005859,
      6.667960166931152,
      6.747930526733398,
      6.765944480895996,
      6.652324676513672,
      6.6062164306640625,
      6.455523490905762,
      6.320199012756348,
      6.587006568908691,
      6.511854648590088,
      6.754493236541748,
      6.663122177124023,
      6.809401512145996,
      6.7236785888671875,
      6.527865409851074,
      6.675344467163086,
      6.69384765625,
      6.650087833404541,
      6.7878289222717285,
      6.949151039123535,
      6.893657684326172,
      6.819050312042236,
      6.689372539520264,
      6.625835418701172,
      6.522359371185303,
      6.546043395996094,
      6.460084915161133,
      6.411348819732666,
      6.619352340698242,
      6.718524932861328,
      6.8504228591918945,
      6.992336273193359,
      6.827033996582031
    ],
    [
      3.179570198059082,
      4.813884258270264,
      5.5359015464782715,
      5.66887092590332,
      5.967216491699219,
      6.180168628692627,
      6.504703044891357,
      6.584673881530762,
      6.593935012817383,
      6.501988410949707,
      6.49926233291626,
      6.383609771728516,
      6.273552894592285,
      6.558449745178223,
      6.490391254425049,
      6.665594577789307,
      6.572930335998535,
      6.669368743896484,
      6.65806770324707,
      6.508432388305664,
      6.6450910568237305,
      6.629853248596191,
      6.634876728057861,
      6.6709699630737305,
      6.833022117614746,
      6.791774272918701,
      6.721731185913086,
      6.5953264236450195,
      6.577025890350342,
      6.517951011657715,
      6.583917617797852,
      6.527225494384766,
      6.418532371520996,
      6.580920219421387,
      6.71430778503418,
      6.710060119628906,
      6.827033996582031,
      6.8186235427856445
    ]
  ],
  "metric": "attention_proximity_qk",
  "model": "Qwen/Qwen3-8B",
  "scalar_ap": 6.229908441242419,
  "scalar_ape": 3.561888293216103,
  "text": "python:\n\nnumbers = []\nfor i in range(100):\n    numbers.append(i)\n\nnumbers2 = []\nfor j in range(100):\n    numbers2.append(k)",
  "tokens": [
    "python",
    ":ĊĊ",
