{
  "ap": [
    6.34970235824585,
    6.351529598236084,
    6.247443199157715,
    6.1221771240234375,
    6.266353130340576,
    6.420568943023682,
    6.319093704223633,
    6.06152868270874,
    6.011951446533203,
    5.955008029937744,
    5.932930946350098,
    6.063481330871582,
    6.06510066986084,
    6.184328556060791,
    6.231757164001465,
    6.1417107582092285,
    6.126979351043701,
    6.227104187011719,
    6.16124963760376,
    6.221279144287109,
    6.200983047485352,
    6.2682952880859375,
    6.184140682220459,
    6.269120693206787,
    6.126108169555664,
    5.9508538246154785,
    6.033657550811768,
    5.925966739654541,
    5.9222869873046875,
    6.047121524810791,
    6.115467071533203,
    5.951778411865234,
    6.122138977050781,
    6.155801296234131,
    6.125584602355957,
    6.1802191734313965,
    6.120784282684326,
    6.159797668457031,
    5.847136497497559,
    5.652894020080566,
    5.833468437194824
  ],
  "ape": [
    3.5909852981567383,
    3.5941553115844727,
    3.5902044773101807,
    3.5867934226989746,
    3.583479404449463,
    3.582075595855713,
    3.5783941745758057,
    3.551067352294922,
    3.5256636142730713,
    3.5962209701538086,
    3.574326992034912,
    3.587108612060547,
    3.584406852722168,
    3.5746102333068848,
    3.588651180267334,
    3.586432456970215,
    3.575918197631836,
    3.5661845207214355,
    3.5555343627929688,
    3.561215877532959,
    3.582288980484009,
    3.5728464126586914,
    3.5406653881073,
    3.5865015983581543,
    3.553774833679199,
    3.523148775100708,
    3.4924421310424805,
    3.5560965538024902,
    3.5708084106445312,
    3.5097789764404297,
    3.5772995948791504,
    3.5864760875701904,
    3.572960376739502,
    3.5996036529541016,
    3.567779541015625,
    3.610736846923828,
    3.5584893226623535,
    3.5712766647338867,
    3.614347457885742,
    3.602433204650879,
    3.593094825744629
  ],
  "char_spans": [
    [
      0,
      4
    ],
    [
      4,
      6
    ],
    [
      6,
      9
    ],
    [
      9,
      11
    ],
    [
      11,
      16
    ],
    [
      16,
      17
    ],
    [
      17,
      22
    ],
    [
      22,
      28
    ],
    [
      28,
      31
    ],
    [
      31,
      36
    ],
    [
      36,
      38
    ],
    [
      38,
      43
    ],
    [
      43,
      44
    ],
    [
      44,
      46
    ],
    [
      46,
      50
    ],
    [
      50,
      56
    ],
    [
      56,
      61
    ],
    [
      61,
      67
    ],
    [
      67,
      73
    ],
    [
      73,
      76
    ],
    [
      76,
      82
    ],
    [
      82,
      84
    ],
    [
      84,
      86
    ],
    [
      86,
      92
    ],
    [
      92,
      98
    ],
    [
      98,
      99
    ],
    [
      99,
      104
    ],
    [
      104,
      107
    ],
    [
      107,
      111
    ],
    [
      111,
      117
    ],
    [
      117,
      122
    ],
    [
      122,
      124
    ],
    [
      124,
      126
    ],
    [
      126,
      129
    ],
    [
      129,
      132
    ],
    [
      132,
      137
    ],
    [
      137,
      142
    ],
    [
      142,
      153
    ],
    [
      153,
      159
    ],
    [
      159,
      162
    ],
    [
      162,
      167
    ]
  ],
  "matrix": [
    [
      7.293413162231445,
      7.040436744689941,
      6.863581657409668,
      6.736785888671875,
      6.820286273956299,
      6.916803359985352,
      6.741105079650879,
      6.327606201171875,
      6.2770795822143555,
      6.157797336578369,
      6.190179824829102,
      6.355634689331055,
      6.654518127441406,
      6.8576979637146,
      6.754406452178955,
      6.570962429046631,
      6.591477394104004,
      6.6140265464782715,
      6.366955280303955,
      6.3411407470703125,
      6.329684257507324,
      6.67147970199585,
      6.424749374389648,
      6.489056587219238,
      6.21205997467041,
      6.045578956604004,
      6.12762451171875,
      5.847827911376953,
      5.843056678771973,
      6.036881446838379,
      6.145528793334961,
      5.941454887390137,
      6.22451114654541,
      6.385293006896973,
      6.3760666847229,
      6.253873825073242,
      6.242099761962891,
      6.222463607788086,
      5.779465675354004,
      5.484764099121094,
      5.726088523864746
    ],
    [
      7.040436744689941,
      7.118341445922852,
      6.937728404998779,
      6.764223098754883,
      6.779233932495117,
      6.955329895019531,
      6.788630485534668,
      6.361220359802246,
      6.268930912017822,
      6.205958366394043,
      6.209089756011963,
      6.339296340942383,
      6.659152984619141,
      6.80234432220459,
      6.694159507751465,
      6.494624137878418,
      6.498090744018555,
      6.574039459228516,
      6.303460121154785,
      6.378652095794678,
      6.356268405914307,
      6.652359962463379,
      6.42962646484375,
      6.4014997482299805,
      6.175792694091797,
      6.116612434387207,
      6.157609939575195,
      5.918600082397461,
      5.932333946228027,
      6.058475017547607,
      6.153139591217041,
      6.0031328201293945,
      6.344593048095703,
      6.3639726638793945,
      6.342584609985352,
      6.238024711608887,
      6.167771339416504,
      6.203756332397461,
      5.775988578796387,
      5.503570556640625,
      5.710882663726807
    ],
    [
      6.863581657409668,
      6.937728404998779,
      7.036828994750977,
      6.792901039123535,
      6.762546062469482,
      6.961145401000977,
      6.734177589416504,
      6.27296781539917,
      6.191315650939941,
      6.159046173095703,
      6.147810459136963,
      6.3281097412109375,
      6.551552772521973,
      6.728996276855469,
      6.643436431884766,
      6.403581142425537,
      6.427578926086426,
      6.454784393310547,
      6.258152961730957,
      6.334772109985352,
      6.28963565826416,
      6.442002773284912,
      6.198273658752441,
      6.216037750244141,
      6.034287452697754,
      5.937018394470215,
      6.007040023803711,
      5.761472702026367,
      5.7514848709106445,
      5.828669548034668,
      6.014670372009277,
      5.8746843338012695,
      6.128669738769531,
      6.2353339195251465,
      6.2208123207092285,
      6.14325475692749,
      6.082334518432617,
      6.099796295166016,
      5.707540988922119,
      5.357601165771484,
      5.612914085388184
    ],
    [
      6.736785888671875,
      6.764223098754883,
      6.792901039123535,
      6.804833889007568,
      6.7239580154418945,
      6.823855400085449,
      6.583478927612305,
      6.097805023193359,
      6.034996509552002,
      6.062597274780273,
      6.23124885559082,
      6.342801094055176,
      6.420928001403809,
      6.553260326385498,
      6.520045757293701,
      6.345081806182861,
      6.286316871643066,
      6.307652950286865,
      6.046231269836426,
      6.149538516998291,
      6.112987518310547,
      6.271045684814453,
      5.953733444213867,
      6.058933258056641,
      5.881633758544922,
      5.77332878112793,
      5.850938320159912,
      5.592357158660889,
      5.625282287597656,
      5.720371723175049,
      5.878205299377441,
      5.732540130615234,
      5.97504997253418,
      6.047422885894775,
      6.049055576324463,
      6.06816291809082,
      6.030580520629883,
      6.029864311218262,
      5.631150722503662,
      5.245081901550293,
      5.535647392272949
    ],
    [
      6.820286273956299,
      6.779233932495117,
      6.762546062469482,
      6.7239580154418945,
      6.871884346008301,
      7.002348899841309,
      6.698098659515381,
      6.289636611938477,
      6.266226768493652,
      6.191956520080566,
      6.31945276260376,
      6.4405999183654785,
      6.521944999694824,
      6.614584922790527,
      6.601014137268066,
      6.466019630432129,
      6.502134323120117,
      6.531044006347656,
      6.171452522277832,
      6.225963592529297,
      6.196013450622559,
      6.381464004516602,
      6.113494873046875,
      6.310429573059082,
      6.087984085083008,
      5.873449325561523,
      5.957864761352539,
      5.845053672790527,
      5.871662139892578,
      6.005388259887695,
      6.079164028167725,
      5.9258928298950195,
      6.144264221191406,
      6.235069274902344,
      6.192510604858398,
      6.214766502380371,
      6.143606185913086,
      6.194292068481445,
      5.761401176452637,
      5.497305870056152,
      5.694545745849609
    ],
    [
      6.916803359985352,
      6.955329895019531,
      6.961145401000977,
      6.823855400085449,
      7.002348899841309,
      7.250779151916504,
      6.960960865020752,
      6.538521766662598,
      6.477725028991699,
      6.422565460205078,
      6.405677795410156,
      6.5645294189453125,
      6.738767623901367,
      6.810948848724365,
      6.77001953125,
      6.572947025299072,
      6.700366020202637,
      6.74072265625,
      6.379269123077393,
      6.426894187927246,
      6.457632541656494,
      6.6125993728637695,
      6.333391189575195,
      6.425180435180664,
      6.221257209777832,
      6.05049467086792,
      6.070630073547363,
      5.966375350952148,
      5.987866401672363,
      6.112907409667969,
      6.19232177734375,
      6.026490211486816,
      6.292603969573975,
      6.375606060028076,
      6.327090740203857,
      6.294928073883057,
      6.234041213989258,
      6.329925537109375,
      5.872442722320557,
      5.626538276672363,
      5.843040943145752
    ],
    [
      6.741105079650879,
      6.788630485534668,
      6.734177589416504,
      6.583478927612305,
      6.698098659515381,
      6.960960865020752,
      6.877256870269775,
      6.5023884773254395,
      6.408873081207275,
      6.30290412902832,
      6.287867546081543,
      6.342670917510986,
      6.541415214538574,
      6.618093490600586,
      6.586316108703613,
      6.377385139465332,
      6.455310344696045,
      6.607362270355225,
      6.265920639038086,
      6.366720199584961,
      6.364832878112793,
      6.550670623779297,
      6.355381965637207,
      6.328195571899414,
      6.161701202392578,
      6.029864311218262,
      6.041706562042236,
      5.902218341827393,
      5.940614700317383,
      6.067788124084473,
      6.131077766418457,
      5.928004264831543,
      6.226816177368164,
      6.245185852050781,
      6.193594932556152,
      6.25041389465332,
      6.175250053405762,
      6.264194011688232,
      5.894708633422852,
      5.6705098152160645,
      5.871345520019531
    ],
    [
      6.327606201171875,
      6.361220359802246,
      6.27296781539917,
      6.097805023193359,
      6.289636611938477,
      6.538521766662598,
      6.5023884773254395,
      6.364785194396973,
      6.244566917419434,
      6.048852920532227,
      5.990475177764893,
      6.047537803649902,
      6.105621814727783,
      6.160346984863281,
      6.232061386108398,
      6.104016304016113,
      6.130218505859375,
      6.349943161010742,
      6.061758041381836,
      6.204669952392578,
      6.162278175354004,
      6.205185890197754,
      6.09714412689209,
      6.022054672241211,
      5.948339462280273,
      5.76024866104126,
      5.805670738220215,
      5.784226417541504,
      5.814615249633789,
      5.8856916427612305,
      5.960681915283203,
      5.769777297973633,
      5.989682197570801,
      5.97487211227417,
      5.920232772827148,
      6.073895454406738,
      5.976609230041504,
      6.055792808532715,
      5.797889709472656,
      5.641984462738037,
      5.744075775146484
    ],
    [
      6.2770795822143555,
      6.268930912017822,
      6.191315650939941,
      6.034996509552002,
      6.266226768493652,
      6.477725028991699,
      6.408873081207275,
      6.244566917419434,
      6.290711879730225,
      6.0304083824157715,
      5.943716049194336,
      6.033602714538574,
      5.950441837310791,
      6.094074249267578,
      6.162814140319824,
      6.077974319458008,
      6.090158462524414,
      6.313575744628906,
      5.974054336547852,
      6.05088996887207,
      6.030912399291992,
      6.034867286682129,
      5.975442886352539,
      6.032157897949219,
      5.950055122375488,
      5.700712203979492,
      5.7821197509765625,
      5.730053901672363,
      5.740699768066406,
      5.836190223693848,
      5.90439510345459,
      5.754656791687012,
      5.878713607788086,
      5.969062805175781,
      5.963915824890137,
      6.07274055480957,
      5.995306015014648,
      6.052689552307129,
      5.788456916809082,
      5.651717185974121,
      5.741766452789307
    ],
    [
      6.157797336578369,
      6.205958366394043,
      6.159046173095703,
      6.062597274780273,
      6.191956520080566,
      6.422565460205078,
      6.30290412902832,
      6.048852920532227,
      6.0304083824157715,
      6.033389568328857,
      5.984607696533203,
      6.035019874572754,
      6.038813591003418,
      6.054320335388184,
      6.139442443847656,
      6.052772521972656,
      6.062014579772949,
      6.181663513183594,
      5.937856674194336,
      6.003171443939209,
      6.0122480392456055,
      6.044327735900879,
      5.829914093017578,
      6.012709617614746,
      5.8174943923950195,
      5.640300750732422,
      5.707401275634766,
      5.680846214294434,
      5.680386543273926,
      5.7988200187683105,
      5.867012023925781,
      5.707052230834961,
      5.864173889160156,
      5.902698040008545,
      5.869162082672119,
      5.995873928070068,
      5.944751262664795,
      5.997612953186035,
      5.6737799644470215,
      5.445283889770508,
      5.6366963386535645
    ],
    [
      6.190179824829102,
      6.209089756011963,
      6.147810459136963,
      6.23124885559082,
      6.31945276260376,
      6.405677795410156,
      6.287867546081543,
      5.990475177764893,
      5.943716049194336,
      5.984607696533203,
      6.161646366119385,
      6.145456314086914,
      6.029110908508301,
      6.082043647766113,
      6.197231292724609,
      6.135348320007324,
      6.063634872436523,
      6.090818405151367,
      5.83770751953125,
      5.9094953536987305,
      5.9116621017456055,
      5.985649108886719,
      5.750679016113281,
      5.9119720458984375,
      5.721738815307617,
      5.575340270996094,
      5.6787261962890625,
      5.575409889221191,
      5.575118541717529,
      5.674692153930664,
      5.780823707580566,
      5.6314544677734375,
      5.800170421600342,
      5.869158744812012,
      5.860281944274902,
      6.020843505859375,
      6.036411762237549,
      6.043956756591797,
      5.695664405822754,
      5.400010108947754,
      5.616501808166504
    ],
    [
      6.355634689331055,
      6.339296340942383,
      6.3281097412109375,
      6.342801094055176,
      6.4405999183654785,
      6.5645294189453125,
      6.342670917510986,
      6.047537803649902,
      6.033602714538574,
      6.035019874572754,
      6.145456314086914,
      6.4005513191223145,
      6.263933181762695,
      6.283963203430176,
      6.348288536071777,
      6.255609512329102,
      6.285038471221924,
      6.276899337768555,
      6.062075614929199,
      6.0975799560546875,
      6.061489105224609,
      6.120273590087891,
      5.938015937805176,
      6.094776153564453,
      5.901531219482422,
      5.668112754821777,
      5.750758647918701,
      5.681421756744385,
      5.710519790649414,
      5.869425296783447,
      5.938817977905273,
      5.785365581512451,
      5.901214122772217,
      6.098757266998291,
      6.040816307067871,
      6.117959022521973,
      6.082406997680664,
      6.1124958992004395,
      5.697477340698242,
      5.457822322845459,
      5.661162376403809
    ],
    [
      6.654518127441406,
      6.659152984619141,
      6.551552772521973,
      6.420928001403809,
      6.521944999694824,
      6.738767623901367,
      6.541415214538574,
      6.105621814727783,
      5.950441837310791,
      6.038813591003418,
      6.029110908508301,
      6.263933181762695,
      6.997466087341309,
      6.82137393951416,
      6.467362403869629,
      6.1769118309021,
      6.285606384277344,
      6.31089973449707,
      5.988008499145508,
      6.011513710021973,
      6.066638946533203,
      6.663280010223389,
      6.270349979400635,
      6.152393341064453,
      5.788431167602539,
      5.776082992553711,
      5.7494282722473145,
      5.4217963218688965,
      5.402596950531006,
      5.733882904052734,
      5.693563461303711,
      5.517476558685303,
      6.118134498596191,
      6.276858806610107,
      6.04117488861084,
      5.837673187255859,
      5.864569664001465,
      5.863796710968018,
      5.384896278381348,
      5.064654350280762,
      5.3784613609313965
    ],
    [
      6.8576979637146,
      6.80234432220459,
      6.728996276855469,
      6.553260326385498,
      6.614584922790527,
      6.810948848724365,
      6.618093490600586,
      6.160346984863281,
      6.094074249267578,
      6.054320335388184,
      6.082043647766113,
      6.283963203430176,
      6.82137393951416,
      7.018373012542725,
      6.675320625305176,
      6.366525650024414,
      6.424441814422607,
      6.487958908081055,
      6.1043853759765625,
      6.132115364074707,
      6.1313276290893555,
      6.685887336730957,
      6.340297222137451,
      6.285666465759277,
      5.980008125305176,
      5.913506984710693,
      5.866240501403809,
      5.489476203918457,
      5.4570794105529785,
      5.762831687927246,
      5.815420627593994,
      5.6504106521606445,
      6.174903869628906,
      6.3972015380859375,
      6.265806198120117,
      6.084606170654297,
      6.049437999725342,
      6.066781997680664,
      5.558561325073242,
      5.233208179473877,
      5.49167013168335
    ],
    [
      6.754406452178955,
      6.694159507751465,
      6.643436431884766,
      6.520045757293701,
      6.601014137268066,
      6.77001953125,
      6.586316108703613,
      6.232061386108398,
      6.162814140319824,
      6.139442443847656,
      6.197231292724609,
      6.348288536071777,
      6.467362403869629,
      6.675320625305176,
      6.791454315185547,
      6.615574359893799,
      6.531964302062988,
      6.437985897064209,
      6.157501697540283,
      6.257801055908203,
      6.246286392211914,
      6.435183525085449,
      6.234017372131348,
      6.322944641113281,
      6.057332992553711,
      5.927889347076416,
      5.988324165344238,
      5.735376358032227,
      5.712162971496582,
      5.8326334953308105,
      5.969199180603027,
      5.814935684204102,
      6.096531867980957,
      6.2667999267578125,
      6.290711879730225,
      6.264972686767578,
      6.218238830566406,
      6.218242645263672,
      5.748683929443359,
      5.43574857711792,
      5.6613311767578125
    ],
    [
      6.570962429046631,
      6.494624137878418,
      6.403581142425537,
      6.345081806182861,
      6.466019630432129,
      6.572947025299072,
      6.377385139465332,
      6.104016304016113,
      6.077974319458008,
      6.052772521972656,
      6.135348320007324,
      6.255609512329102,
      6.1769118309021,
      6.366525650024414,
      6.615574359893799,
      6.660395622253418,
      6.502680778503418,
      6.356906890869141,
      6.0647196769714355,
      6.136427402496338,
      6.158288478851318,
      6.173689842224121,
      6.026261329650879,
      6.223391532897949,
      5.987974643707275,
      5.758069038391113,
      5.901827812194824,
      5.779331207275391,
      5.818807601928711,
      5.926541805267334,
      6.032293319702148,
      5.836183547973633,
      5.950234413146973,
      6.088099479675293,
      6.194445610046387,
      6.257356643676758,
      6.233552932739258,
      6.213405132293701,
      5.784852027893066,
      5.528372764587402,
      5.719371795654297
    ],
    [
      6.591477394104004,
      6.498090744018555,
      6.427578926086426,
      6.286316871643066,
      6.502134323120117,
      6.700366020202637,
      6.455310344696045,
      6.130218505859375,
      6.090158462524414,
      6.062014579772949,
      6.063634872436523,
      6.285038471221924,
      6.285606384277344,
      6.424441814422607,
      6.531964302062988,
      6.502680778503418,
      6.60748291015625,
      6.4640350341796875,
      6.146830081939697,
      6.136202812194824,
      6.158306121826172,
      6.29888916015625,
      6.04826545715332,
      6.247089385986328,
      5.939785003662109,
      5.701682090759277,
      5.729876518249512,
      5.630205154418945,
      5.69946813583374,
      5.857964515686035,
      5.966246128082275,
      5.799281120300293,
      5.913300514221191,
      6.1104607582092285,
      6.125402450561523,
      6.15534782409668,
      6.108606338500977,
      6.196832656860352,
      5.6988043785095215,
      5.441036224365234,
      5.6682209968566895
    ],
    [
      6.6140265464782715,
      6.574039459228516,
      6.454784393310547,
      6.307652950286865,
      6.531044006347656,
      6.74072265625,
      6.607362270355225,
      6.349943161010742,
      6.313575744628906,
      6.181663513183594,
      6.090818405151367,
      6.276899337768555,
      6.31089973449707,
      6.487958908081055,
      6.437985897064209,
      6.356906890869141,
      6.4640350341796875,
      6.664041042327881,
      6.388021945953369,
      6.3573431968688965,
      6.371997833251953,
      6.474501609802246,
      6.306706428527832,
      6.3314361572265625,
      6.167609691619873,
      5.924351692199707,
      5.918069839477539,
      5.783323287963867,
      5.815921783447266,
      5.975098609924316,
      6.056726455688477,
      5.867736339569092,
      6.0790886878967285,
      6.175209045410156,
      6.179617881774902,
      6.1590576171875,
      6.1205878257751465,
      6.230589389801025,
      5.803504467010498,
      5.653360366821289,
      5.843994140625
    ],
    [
      6.366955280303955,
      6.303460121154785,
      6.258152961730957,
      6.046231269836426,
      6.171452522277832,
      6.379269123077393,
      6.265920639038086,
      6.061758041381836,
      5.974054336547852,
      5.937856674194336,
      5.83770751953125,
      6.062075614929199,
      5.988008499145508,
      6.1043853759765625,
      6.157501697540283,
      6.0647196769714355,
      6.146830081939697,
      6.388021945953369,
      6.796154975891113,
      6.778442859649658,
      6.567070007324219,
      6.573136329650879,
      6.392879009246826,
      6.325732707977295,
      6.314624786376953,
      6.065135955810547,
      6.095307350158691,
      6.011849403381348,
      6.043614387512207,
      6.071632385253906,
      6.233184337615967,
      6.00696325302124,
      6.146728515625,
      6.148318290710449,
      6.082071304321289,
      6.167514324188232,
      6.0878190994262695,
      6.190101623535156,
      5.9052934646606445,
      5.764215469360352,
      5.9639892578125
    ],
    [
      6.3411407470703125,
      6.378652095794678,
      6.334772109985352,
      6.149538516998291,
      6.225963592529297,
      6.426894187927246,
      6.366720199584961,
      6.204669952392578,
      6.05088996887207,
      6.003171443939209,
      5.9094953536987305,
      6.0975799560546875,
      6.011513710021973,
      6.132115364074707,
      6.257801055908203,
      6.136427402496338,
      6.136202812194824,
      6.3573431968688965,
      6.778442859649658,
      6.940008640289307,
      6.736960411071777,
      6.5985517501831055,
      6.5016326904296875,
      6.356861591339111,
      6.370910167694092,
      6.185417652130127,
      6.216331481933594,
      6.131409645080566,
      6.169415473937988,
      6.115802764892578,
      6.280467987060547,
      6.038042068481445,
      6.219178199768066,
      6.197846412658691,
      6.116611480712891,
      6.2100324630737305,
      6.108715534210205,
      6.2045183181762695,
      5.951818943023682,
      5.818706512451172,
      6.022591590881348
    ],
    [
      6.329684257507324,
      6.356268405914307,
      6.28963565826416,
      6.112987518310547,
      6.196013450622559,
      6.457632541656494,
      6.364832878112793,
      6.162278175354004,
      6.030912399291992,
      6.0122480392456055,
      5.9116621017456055,
      6.061489105224609,
      6.066638946533203,
      6.1313276290893555,
      6.246286392211914,
      6.158288478851318,
      6.158306121826172,
      6.371997833251953,
      6.567070007324219,
      6.736960411071777,
      6.688979625701904,
      6.562317848205566,
      6.385043621063232,
      6.363739013671875,
      6.300106525421143,
      6.075725078582764,
      6.130087852478027,
      6.032692909240723,
      6.106767654418945,
      6.173097133636475,
      6.234702110290527,
      6.006577968597412,
      6.207823753356934,
      6.173775672912598,
      6.1371612548828125,
      6.260708808898926,
      6.1306047439575195,
      6.262374401092529,
      5.948745250701904,
      5.784857273101807,
      6.039897918701172
    ],
    [
      6.67147970199585,
      6.652359962463379,
      6.442002773284912,
      6.271045684814453,
      6.381464004516602,
      6.6125993728637695,
      6.550670623779297,
      6.205185890197754,
      6.034867286682129,
      6.044327735900879,
      5.985649108886719,
      6.120273590087891,
      6.663280010223389,
      6.685887336730957,
      6.435183525085449,
      6.173689842224121,
      6.29888916015625,
      6.474501609802246,
      6.573136329650879,
      6.5985517501831055,
      6.562317848205566,
      7.113579273223877,
      6.760090351104736,
      6.51998233795166,
      6.249386787414551,
      6.216301441192627,
      6.108083724975586,
      5.787458419799805,
      5.817132472991943,
      6.03836727142334,
      6.056554794311523,
      5.852336883544922,
      6.4390997886657715,
      6.469152450561523,
      6.255083084106445,
      6.128125190734863,
      6.06699275970459,
      6.194648265838623,
      5.814427375793457,
      5.612334251403809,
      5.9088945388793945
    ],
    [
      6.424749374389648,
      6.42962646484375,
      6.198273658752441,
      5.953733444213867,
      6.113494873046875,
      6.333391189575195,
      6.355381965637207,
      6.09714412689209,
      5.975442886352539,
      5.829914093017578,
      5.750679016113281,
      5.938015937805176,
      6.270349979400635,
      6.340297222137451,
      6.234017372131348,
      6.026261329650879,
      6.04826545715332,
      6.306706428527832,
      6.392879009246826,
      6.5016326904296875,
      6.385043621063232,
      6.760090351104736,
      6.868578910827637,
      6.557838439941406,
      6.364073753356934,
      6.340595245361328,
      6.239658355712891,
      6.050426006317139,
      6.015895843505859,
      6.18125057220459,
      6.168911933898926,
      5.967439651489258,
      6.4196014404296875,
      6.407823085784912,
      6.239589214324951,
      6.166323184967041,
      6.0337324142456055,
      6.108487606048584,
      5.801724910736084,
      5.724330902099609,
      5.912525177001953
    ],
    [
      6.489056587219238,
      6.4014997482299805,
      6.216037750244141,
      6.058933258056641,
      6.310429573059082,
      6.425180435180664,
      6.328195571899414,
      6.022054672241211,
      6.032157897949219,
      6.012709617614746,
      5.9119720458984375,
      6.094776153564453,
      6.152393341064453,
      6.285666465759277,
      6.322944641113281,
      6.223391532897949,
      6.247089385986328,
      6.3314361572265625,
      6.325732707977295,
      6.356861591339111,
      6.363739013671875,
      6.51998233795166,
      6.557838439941406,
      7.035397529602051,
      6.666409492492676,
      6.388140678405762,
      6.459510803222656,
      6.241771697998047,
      6.197360038757324,
      6.483273983001709,
      6.3622870445251465,
      6.137140274047852,
      6.294946670532227,
      6.371744632720947,
      6.326467990875244,
      6.329062461853027,
      6.277969837188721,
      6.36412239074707,
      5.974265098571777,
      5.828723907470703,
      6.071547985076904
    ],
    [
      6.21205997467041,
      6.175792694091797,
      6.034287452697754,
      5.881633758544922,
      6.087984085083008,
      6.221257209777832,
      6.161701202392578,
      5.948339462280273,
      5.950055122375488,
      5.8174943923950195,
      5.721738815307617,
      5.901531219482422,
      5.788431167602539,
      5.980008125305176,
      6.057332992553711,
      5.987974643707275,
      5.939785003662109,
      6.167609691619873,
      6.314624786376953,
      6.370910167694092,
      6.300106525421143,
      6.249386787414551,
      6.364073753356934,
      6.666409492492676,
      6.6002888679504395,
      6.319219589233398,
      6.40479040145874,
      6.288023948669434,
      6.213377475738525,
      6.356479644775391,
      6.312070369720459,
      6.060762405395508,
      6.160946846008301,
      6.16135835647583,
      6.147927284240723,
      6.222878456115723,
      6.145911693572998,
      6.191644668579102,
      5.920744895935059,
      5.843923568725586,
      5.993745803833008
    ],
    [
      6.045578956604004,
      6.116612434387207,
      5.937018394470215,
      5.77332878112793,
      5.873449325561523,
      6.05049467086792,
      6.029864311218262,
      5.76024866104126,
      5.700712203979492,
      5.640300750732422,
      5.575340270996094,
      5.668112754821777,
      5.776082992553711,
      5.913506984710693,
      5.927889347076416,
      5.758069038391113,
      5.701682090759277,
      5.924351692199707,
      6.065135955810547,
      6.185417652130127,
      6.075725078582764,
      6.216301441192627,
      6.340595245361328,
      6.388140678405762,
      6.319219589233398,
      6.279212951660156,
      6.306976795196533,
      6.062510013580322,
      5.982019424438477,
      6.082104682922363,
      6.1018218994140625,
      5.878373146057129,
      6.110398292541504,
      6.081886291503906,
      5.983963489532471,
      5.974130153656006,
      5.849950790405273,
      5.898356914520264,
      5.676608085632324,
      5.555047035217285,
      5.726819038391113
    ],
    [
      6.12762451171875,
      6.157609939575195,
      6.007040023803711,
      5.850938320159912,
      5.957864761352539,
      6.070630073547363,
      6.041706562042236,
      5.805670738220215,
      5.7821197509765625,
      5.707401275634766,
      5.6787261962890625,
      5.750758647918701,
      5.7494282722473145,
      5.866240501403809,
      5.988324165344238,
      5.901827812194824,
      5.729876518249512,
      5.918069839477539,
      6.095307350158691,
      6.216331481933594,
      6.130087852478027,
      6.108083724975586,
      6.239658355712891,
      6.459510803222656,
      6.40479040145874,
      6.306976795196533,
      6.556568622589111,
      6.359248638153076,
      6.26303768157959,
      6.314488410949707,
      6.294339656829834,
      6.080277442932129,
      6.2209978103637695,
      6.14164924621582,
      6.058076858520508,
      6.1788482666015625,
      6.061287879943848,
      6.015231132507324,
      5.848785400390625,
      5.662992477416992,
      5.794430255889893
    ],
    [
      5.847827911376953,
      5.918600082397461,
      5.761472702026367,
      5.592357158660889,
      5.845053672790527,
      5.966375350952148,
      5.902218341827393,
      5.784226417541504,
      5.730053901672363,
      5.680846214294434,
      5.575409889221191,
      5.681421756744385,
      5.4217963218688965,
      5.489476203918457,
      5.735376358032227,
      5.779331207275391,
      5.630205154418945,
      5.783323287963867,
      6.011849403381348,
      6.131409645080566,
      6.032692909240723,
      5.787458419799805,
      6.050426006317139,
      6.241771697998047,
      6.288023948669434,
      6.062510013580322,
      6.359248638153076,
      6.507589340209961,
      6.42408561706543,
      6.392493724822998,
      6.366058349609375,
      6.133749485015869,
      6.058323860168457,
      5.94767951965332,
      5.94672966003418,
      6.1562724113464355,
      6.02968168258667,
      5.98158073425293,
      5.8716278076171875,
      5.794966697692871,
      5.844648361206055
    ],
    [
      5.843056678771973,
      5.932333946228027,
      5.7514848709106445,
      5.625282287597656,
      5.871662139892578,
      5.987866401672363,
      5.940614700317383,
      5.814615249633789,
      5.740699768066406,
      5.680386543273926,
      5.575118541717529,
      5.710519790649414,
      5.402596950531006,
      5.4570794105529785,
      5.712162971496582,
      5.818807601928711,
      5.69946813583374,
      5.815921783447266,
      6.043614387512207,
      6.169415473937988,
      6.106767654418945,
      5.817132472991943,
      6.015895843505859,
      6.197360038757324,
      6.213377475738525,
      5.982019424438477,
      6.26303768157959,
      6.42408561706543,
      6.465399265289307,
      6.4186601638793945,
      6.365331649780273,
      6.127065658569336,
      6.033628463745117,
      5.855165481567383,
      5.872942924499512,
      6.112365245819092,
      6.0068559646606445,
      5.9735212326049805,
      5.848066329956055,
      5.788588047027588,
      5.876900672912598
    ],
    [
      6.036881446838379,
      6.058475017547607,
      5.828669548034668,
      5.720371723175049,
      6.005388259887695,
      6.112907409667969,
      6.067788124084473,
      5.8856916427612305,
      5.836190223693848,
      5.7988200187683105,
      5.674692153930664,
      5.869425296783447,
      5.733882904052734,
      5.762831687927246,
      5.8326334953308105,
      5.926541805267334,
      5.857964515686035,
      5.975098609924316,
      6.071632385253906,
      6.115802764892578,
      6.173097133636475,
      6.03836727142334,
      6.18125057220459,
      6.483273983001709,
      6.356479644775391,
      6.082104682922363,
      6.314488410949707,
      6.392493724822998,
      6.4186601638793945,
      6.611650466918945,
      6.489606857299805,
      6.228702545166016,
      6.238589286804199,
      6.072988510131836,
      6.039907455444336,
      6.185946464538574,
      6.169926166534424,
      6.147002696990967,
      5.901518821716309,
      5.806230068206787,
      5.992525100708008
    ],
    [
      6.145528793334961,
      6.153139591217041,
      6.014670372009277,
      5.878205299377441,
      6.079164028167725,
      6.19232177734375,
      6.131077766418457,
      5.960681915283203,
      5.90439510345459,
      5.867012023925781,
      5.780823707580566,
      5.938817977905273,
      5.693563461303711,
      5.815420627593994,
      5.969199180603027,
      6.032293319702148,
      5.966246128082275,
      6.056726455688477,
      6.233184337615967,
      6.280467987060547,
      6.234702110290527,
      6.056554794311523,
      6.168911933898926,
      6.3622870445251465,
      6.312070369720459,
      6.1018218994140625,
      6.294339656829834,
      6.366058349609375,
      6.365331649780273,
      6.489606857299805,
      6.596119403839111,
      6.375943183898926,
      6.28731632232666,
      6.158869743347168,
      6.14186954498291,
      6.280663967132568,
      6.256617546081543,
      6.24329948425293,
      6.040326118469238,
      5.908212184906006,
      6.080946445465088
    ],
    [
      5.941454887390137,
      6.0031328201293945,
      5.8746843338012695,
      5.732540130615234,
      5.9258928298950195,
      6.026490211486816,
      5.928004264831543,
      5.769777297973633,
      5.754656791687012,
      5.707052230834961,
      5.6314544677734375,
      5.785365581512451,
      5.517476558685303,
      5.6504106521606445,
      5.814935684204102,
      5.836183547973633,
      5.799281120300293,
      5.867736339569092,
      6.00696325302124,
      6.038042068481445,
      6.006577968597412,
      5.852336883544922,
      5.967439651489258,
      6.137140274047852,
      6.060762405395508,
      5.878373146057129,
      6.080277442932129,
      6.133749485015869,
      6.127065658569336,
      6.228702545166016,
      6.375943183898926,
      6.382319927215576,
      6.216638088226318,
      6.120962142944336,
      6.065431118011475,
      6.175144195556641,
      6.1203413009643555,
      6.14373779296875,
      5.964829444885254,
      5.836365222930908,
      5.9677839279174805
    ],
    [
      6.22451114654541,
      6.344593048095703,
      6.128669738769531,
      5.97504997253418,
      6.144264221191406,
      6.292603969573975,
      6.226816177368164,
      5.989682197570801,
      5.878713607788086,
      5.864173889160156,
      5.800170421600342,
      5.901214122772217,
      6.118134498596191,
      6.174903869628906,
      6.096531867980957,
      5.950234413146973,
      5.913300514221191,
      6.0790886878967285,
      6.146728515625,
      6.219178199768066,
      6.207823753356934,
      6.4390997886657715,
      6.4196014404296875,
      6.294946670532227,
      6.160946846008301,
      6.110398292541504,
      6.2209978103637695,
      6.058323860168457,
      6.033628463745117,
      6.238589286804199,
      6.28731632232666,
      6.216638088226318,
      6.507648468017578,
      6.393780708312988,
      6.220634460449219,
      6.170108795166016,
      6.15155029296875,
      6.164549827575684,
      5.934512138366699,
      5.74413537979126,
      5.9494218826293945
    ],
    [
      6.385293006896973,
      6.3639726638793945,
      6.2353339195251465,
      6.047422885894775,
      6.235069274902344,
      6.375606060028076,
      6.245185852050781,
      5.97487211227417,
      5.969062805175781,
      5.902698040008545,
      5.869158744812012,
      6.098757266998291,
      6.276858806610107,
      6.3972015380859375,
      6.2667999267578125,
      6.088099479675293,
      6.1104607582092285,
      6.175209045410156,
      6.148318290710449,
      6.197846412658691,
      6.173775672912598,
      6.469152450561523,
      6.407823085784912,
      6.371744632720947,
      6.16135835647583,
      6.081886291503906,
      6.14164924621582,
      5.94767951965332,
      5.855165481567383,
      6.072988510131836,
      6.158869743347168,
      6.120962142944336,
      6.393780708312988,
      6.592184066772461,
      6.4196367263793945,
      6.2783355712890625,
      6.197164058685303,
      6.224920272827148,
      5.875392436981201,
      5.667510032653809,
      5.849025726318359
    ],
    [
      6.3760666847229,
      6.342584609985352,
      6.2208123207092285,
      6.049055576324463,
      6.192510604858398,
      6.327090740203857,
      6.193594932556152,
      5.920232772827148,
      5.963915824890137,
      5.869162082672119,
      5.860281944274902,
      6.040816307067871,
      6.04117488861084,
      6.265806198120117,
      6.290711879730225,
      6.194445610046387,
      6.125402450561523,
      6.179617881774902,
      6.082071304321289,
      6.116611480712891,
      6.1371612548828125,
      6.255083084106445,
      6.239589214324951,
      6.326467990875244,
      6.147927284240723,
      5.983963489532471,
      6.058076858520508,
      5.94672966003418,
      5.872942924499512,
      6.039907455444336,
      6.14186954498291,
      6.065431118011475,
      6.220634460449219,
      6.4196367263793945,
      6.45478630065918,
      6.3682966232299805,
      6.27163553237915,
      6.287816047668457,
      5.942061424255371,
      5.762959957122803,
      5.883243560791016
    ],
    [
      6.253873825073242,
      6.238024711608887,
      6.14325475692749,
      6.06816291809082,
      6.214766502380371,
      6.294928073883057,
      6.25041389465332,
      6.073895454406738,
      6.07274055480957,
      5.995873928070068,
      6.020843505859375,
      6.117959022521973,
      5.837673187255859,
      6.084606170654297,
      6.264972686767578,
